2239
26 2 7 22 131 166 485 20 110 163 885 819 147 417 1068 643 1019 871 766 1140 639 660 1164 1946 1267 1947 1929
0
14 4 386 76 432 360 621 574 64 582 489 1149 499 911 948
0
41 6 52 171 163 150 286 299 424 226 441 464 465 512 531 480 643 705 1 985 1016 417 1108 1128 1163 1185 975 677 1284 574 830 745 1349 420 1478 1492 1506 660 1959 1960 1961 1962
0
0
108 9 126 135 189 298 356 634 872 692 940 168 190 11 334 1127 293 633 66 467 836 1379 369 1542 1097 1354 436 605 1294 259 260 653 1067 432 486 1062 580 122 909 1199 1372 1264 483 617 323 1142 950 6 223 1420 1095 499 1440 1793 350 567 932 945 1728 706 794 152 1208 1828 551 911 287 839 788 1428 1026 1861 1633 1540 1215 799 242 1838 1211 1460 1939 1133 632 1373 1224 502 1232 1105 688 1457 971 808 1464 880 514 1940 1941 476 975 1831 1815 49 1527 1148 1161 1218 1369 1455 1807
0
172 11 23 26 37 42 55 99 109 112 115 183 193 161 209 237 241 251 266 285 313 149 343 370 187 114 297 408 421 141 460 588 599 177 353 831 197 365 851 912 2 1037 1045 438 1106 1113 451 557 1189 966 1204 649 984 1173 391 1298 425 1119 1380 1389 1399 530 1201 1422 1425 1439 434 207 144 261 648 478 833 1552 1150 591 1567 1580 1581 844 1601 1614 38 1636 1649 563 386 1047 1675 1697 1700 1702 838 1719 1046 227 107 1541 1745 1756 1431 1270 1404 1770 1678 1227 1309 1782 25 200 1796 522 466 1139 441 1810 1299 913 1708 1630 1830 902 1836 121 1844 233 636 1853 1855 1856 786 1283 1493 1864 1866 1053 655 1672 2225 2226 2227 1249 2228 1133 1643 229 2229 1609 2230 1281 2231 2232 956 2233 2234 623 2235 1593 1437 1488 595 473 49 110 2236 1094 2237 879 773 22 2238 1467 2239
0
12 13 453 360 1273 1097 560 1343 1444 1497 825 692 1466
0
7 15 180 375 757 122 72 540
0
22 17 21 32 59 116 394 400 220 753 805 986 1003 903 1084 1091 1107 304 1177 541 1228 1268 1797
0
7 19 158 352 92 1039 863 1100
0
8 7 2 22 166 695 213 880 49
0
0
0
30 25 49 185 107 250 199 639 119 491 68 752 1098 1110 1109 1231 122 1275 1324 1328 1371 1215 1403 1453 1180 1800 2147 2148 2149 958 1468
0
0
18 28 62 82 102 106 43 140 145 157 329 349 56 39 79 514 48 219 413
0
76 26 11 42 23 114 141 149 161 55 99 261 209 297 109 115 438 451 237 313 648 649 37 690 831 956 208 530 590 241 1173 1204 370 1270 1281 1119 266 1001 1380 591 1113 408 1404 1047 966 1150 1467 38 1046 713 1488 425 960 2 1189 588 1541 1559 1563 193 1579 1593 473 1630 1643 1656 1664 1672 1678 1688 1695 22 1249 1708 1712 386 285
2 13 921
25 28 39 43 79 157 62 102 145 219 82 329 349 514 787 926 798 413 48 1033 1143 1170 997 1089 1164 1263
0
314 34 74 9 212 265 323 459 441 293 194 165 676 245 14 1129 1089 1049 1212 580 1294 260 754 512 1385 1428 694 487 211 387 43 901 2 6 419 1114 1035 653 1243 1223 1127 978 267 693 472 872 600 1030 7 1192 1305 826 400 628 506 1249 891 1367 1210 350 122 602 52 1373 1209 1820 1293 677 501 502 1840 1852 1340 1860 422 107 1278 420 1515 972 1838 590 1682 993 1211 1814 2012 1721 2013 1880 255 1026 523 850 2014 2015 2016 1571 1885 2017 1633 1767 2018 2019 1835 1208 2020 484 825 2021 366 435 1859 1772 445 682 2022 1188 564 1889 268 1126 199 1133 2023 2024 282 731 2025 164 1523 286 2026 2027 1479 2028 2029 1846 1894 499 2030 1132 1196 226 1411 96 2031 2032 2033 1350 1440 1561 837 629 1776 371 970 2034 1199 701 295 1547 2035 2036 1809 11 2037 1064 1816 2038 1711 895 1764 1420 1785 596 1246 2039 1842 1014 734 1684 1727 2040 2041 688 2042 2043 1584 1769 1077 1691 1466 1110 48 1780 1681 1388 1302 439 1347 2044 130 965 880 1500 1861 449 2045 1747 1819 678 155 1646 1508 513 144 1033 1170 674 866 1569 1912 219 145 413 39 329 28 62 349 2046 998 2047 2048 1631 1465 379 1913 2049 1252 1179 1577 2050 1746 793 1323 316 541 515 840 794 540 638 507 1560 97 1269 1326 1831 1914 2051 1858 2052 1067 49 1081 1916 1055 1097 2053 1917 1123 1527 1395 1215 695 1777 1148 2054 1218 1407 218 667 1369 633 1356 1857 2055 426 2056 2057 2058 534 2059 2060 2061 2062 1112 214 1361 2063 416 123 44 339 1463 1768 85 1779 679 942 560 1805 298
2 218 781
6 36 66 692 904 908 2158
0
0
99 2 81 76 108 121 7 22 177 187 208 229 275 252 300 49 388 396 425 433 434 437 466 478 544 597 131 166 23 661 682 714 772 773 812 838 867 387 928 938 147 951 110 844 1019 991 1065 1073 25 1147 1153 72 1179 1195 998 1230 967 1265 1327 1345 1355 1069 1410 1425 1426 185 1437 913 930 1474 174 1493 902 755 1513 695 1525 1554 162 1592 1600 1609 1464 1068 1626 1016 1669 1670 1699 1240 1705 1706 1722 1723 1730 1731 965 1933 2140 2141
0
3 41 306 846
0
0
0
7 45 97 206 569 723 672 123
0
11 47 416 153 604 811 954 1152 14 1199 1207 891
0
38 43 28 39 31 79 62 102 219 157 82 514 329 349 413 145 901 925 1087 787 1279 231 1170 622 538 866 56 1375 1239 1376 1033 926 534 814 978 603 27 1494 400
0
92 9 223 260 17 439 356 502 532 551 564 190 626 653 778 794 720 22 334 882 268 1102 499 360 1169 929 1095 120 512 432 799 397 617 864 1133 788 1208 1321 489 1461 531 1271 679 550 1543 1183 1264 1172 1156 1518 572 1354 1032 1125 1081 942 1713 202 1584 1387 1149 1433 486 571 827 1215 1317 1293 722 1789 945 259 1802 1803 1533 836 904 886 1233 1825 1827 595 1832 1834 644 1848 1851 1299 296 1524 1871 1048 1990
163 52 150 226 271 286 287 458 540 602 400 665 754 299 693 436 697 970 975 298 1055 978 464 1069 1114 631 1224 1234 250 1246 875 1278 628 1291 709 1361 1336 638 816 1302 26 122 507 839 1372 1089 107 245 1088 1079 639 1025 1534 840 1192 1305 449 1148 1460 891 576 1565 1571 972 1596 600 527 1323 416 515 1293 1126 676 808 1728 1024 1388 1210 1161 282 1684 962 1026 1269 164 31 1112 435 1369 1443 1019 1805 1255 541 1479 1218 433 423 468 1845 1721 1258 880 1252 1867 484 1142 911 998 1986 1838 1987 1878 301 1375 587 825 1030 366 1859 1965 1865 1988 1562 420 1989 1990 1171 1991 1992 1184 1993 1994 780 1995 1764 596 996 1466 48 765 297 1996 678 901 926 1170 866 1279 986 1997 793 982 1762 1097 387 1356 1998 677 215 44 1999 2000 1779
8 150 287 299 436 271 464 226 286
13 54 83 256 369 616 680 699 841 432 810 223 431 252
0
0
18 43 28 79 82 145 102 220 62 157 219 349 413 48 658 39 27 787 629
44 58 311 389 49 784 946 1067 1090 781 52 1059 727 1080 743 1011 1109 366 1568 840 287 353 636 695 1657 640 939 1064 629 975 391 1752 703 1400 976 1211 923 863 647 1788 1798 265 1808 761 1817
0
0
3 61 195 703
0
0
8 64 603 642 204 46 573 910 153
0
4 66 647 768 783
0
38 68 107 194 316 515 122 510 595 541 709 511 748 793 840 962 199 982 994 1034 684 1093 1146 1178 1240 993 1341 491 1419 2125 1311 2126 559 2127 2128 2129 1145 2130 2131
3 122 1969 1332
6 70 142 697 2100 1929 1468
0
40 72 400 316 507 541 628 638 709 840 684 595 1025 693 433 624 994 983 1145 540 1323 1218 1079 629 982 1413 107 515 618 895 962 793 502 1573 1341 1617 960 2064 2068 1267 23
0
230 74 128 127 167 283 265 245 165 565 459 528 677 763 52 130 653 633 945 2 605 347 998 621 1030 679 481 970 28 560 765 1214 506 1033 360 1097 513 600 1320 1203 971 1395 1305 93 334 1396 1388 1114 1109 1278 286 501 754 580 426 1149 420 826 316 1673 1691 1298 1698 947 422 164 706 1479 1440 688 839 1460 1767 825 439 1791 1792 1476 1764 436 199 1799 1110 1026 1361 1269 1192 1089 6 514 866 1428 1596 105 468 1369 1857 566 1475 1246 1865 1628 2071 2072 1322 1451 665 1024 255 146 1884 66 850 2014 1771 444 2019 1394 92 435 2073 2074 2075 2076 1019 2022 1540 539 41 125 1888 564 1562 1891 1892 2077 383 1523 299 271 1763 1210 1894 1895 1714 2078 1062 2079 2080 2081 2033 2082 1199 1794 1445 168 780 2036 1696 1107 9 2083 369 1834 1038 2084 64 1842 1558 950 253 798 350 1769 1077 1142 1466 48 1503 1464 1302 1347 880 449 419 926 1170 31 329 2085 2086 1631 1913 1252 1511 267 1761 2087 595 983 628 400 1832 1560 1831 2051 1815 532 1081 1917 695 1777 1148 2088 1813 1518 978 1356 2056 2057 2089 1922 2090 2091 123 339 85 1443 1805 1151 294
0
30 76 113 252 387 575 671 58 770 930 295 49 991 639 293 1074 1306 1011 1445 1079 1459 601 1133 1067 512 1544 323 2004 2005 2006 2007
0
12 78 476 537 58 834 1136 1069 639 594 14 1173 1930
54 77 118 311 499 76 512 64 936 223 537 1017 946 948 295 550 583 639 110 621 819 58 1149 1069 1239 1104 876 486 594 887 701 397 432 1200 1344 202 247 674 596 766 834 1067 1321 622 761 1308 1451 746 814 147 1136 1063 1013 929 1395
0
52 11 55 149 365 99 42 26 285 161 53 209 313 589 408 662 669 141 183 421 843 851 237 200 913 114 966 973 115 984 261 177 1001 451 623 1046 1059 831 1083 1094 649 1117 466 1139 1150 588 266 595 386 1227 591 655 1230
0
0
0
54 85 96 163 1161 1049 1009 1177 165 674 887 911 417 1607 997 1457 14 1011 970 211 1013 929 1259 1184 1062 1367 1619 486 1554 642 632 1793 436 923 893 1032 766 1862 880 926 1063 366 655 1162 287 1109 1372 761 701 2169 596 2170 2085 840 1315
0
3 87 376 644
0
3 89 583 526
0
116 2 118 234 247 253 277 360 368 432 499 96 755 786 76 7 182 1041 1048 1056 108 22 1123 424 371 864 268 369 1316 539 64 621 836 814 1386 1149 1352 1401 1405 1436 1447 1127 874 1169 601 1468 1476 1483 361 189 1507 1527 1395 1529 17 1232 1151 491 948 1594 1599 1433 550 9 534 397 1345 1251 1654 1658 252 622 126 166 1280 1715 223 1724 1729 1736 1535 977 992 356 551 146 1757 1045 1454 1272 1774 1775 1442 559 1451 1786 835 1218 1432 841 1806 202 1737 1313 1811 1576 744 260 1826 1829 1833 1249 1837 1839 1841 1847 2098
3 92 238 1074
20 366 404 435 91 539 346 18 76 1141 1107 992 1237 64 1320 118 1149 1188 555 1521 1348
3 94 863 761
1 647
107 96 17 260 9 189 204 225 483 486 499 202 62 118 617 223 397 788 231 799 835 836 508 819 534 950 882 977 502 296 642 1159 64 1202 1229 369 1264 904 334 1095 328 532 1317 1318 120 146 586 1156 1174 531 546 356 895 1387 655 252 692 1388 1177 1406 929 1013 1433 1434 574 1442 889 439 1331 864 911 1232 489 1499 1502 76 1352 1102 432 1461 424 22 1271 1576 1125 512 1584 1588 193 603 414 387 360 1716 1032 1734 1310 331 854 1470 796 1142 874 1407 1586 125 2133 268
0
6 123 672 569 857 662 896
8 14 572 213 911 484 746 674 145
0
1 85
11 7 2 147 135 800 76 868 869 22 1043 166
0
38 6 268 445 522 540 673 760 849 983 360 1020 267 1025 1149 628 1197 352 869 1257 539 534 992 871 499 693 595 304 1400 618 527 904 486 1323 296 2166 2097 342 1924
3 105 164 420
0
0
0
0
0
32 111 188 211 354 49 163 567 295 371 437 667 512 752 789 827 828 858 887 902 903 939 643 639 441 872 1196 830 640 1109 1311 1933 1875
0
0
29 75 209 391 426 758 366 295 1160 575 887 695 512 714 1120 1344 1067 1521 316 480 628 643 2150 2151 1311 713 2152 1942 2153 1395
0
0
0
46 14 130 560 1452 638 165 1519 541 1539 677 887 628 1662 1145 1218 1385 1300 1571 901 1323 706 1127 150 484 1776 168 502 1797 728 1454 1843 1211 2107 2108 118 2109 2110 1991 1328 662 2111 1247 1223 2112 2113 2114
0
17 120 518 572 606 704 1060 792 521 1360 840 1104 58 311 1501 1064 1951 1453
0
0
9 14 180 375 68 856 2143 1167 2144 1664
0
215 125 94 178 218 529 130 631 674 689 724 422 217 527 850 296 860 816 653 866 236 947 964 846 978 93 761 1021 1036 426 1044 629 1099 31 633 1112 697 1144 73 1114 754 1187 1188 1138 693 323 1216 1222 1226 1258 1246 419 1268 1269 1210 1302 105 1320 211 808 316 1337 268 360 596 1394 1396 2 194 1067 692 970 1026 1441 560 1323 701 1466 1463 1484 484 435 464 1278 513 1500 564 293 580 891 1126 255 507 11 1543 1551 630 472 1133 1093 1372 1035 1608 972 734 1087 1148 1534 1628 1638 982 1641 1455 1214 837 1651 1120 600 350 1660 163 1682 1684 1019 1687 1692 1693 1633 1694 1701 1252 1711 551 1575 486 1407 379 1738 449 1533 1356 1747 1748 1749 1755 1256 676 1312 1761 1192 1527 1225 1571 606 1772 1768 993 1779 164 359 1293 1440 1784 1110 1215 1170 1794 1804 8 1807 901 1132 1218 962 760 1816 1301 1819 1821 1370 638 1835 1255 1842 893 1777 1667 339 1858 880 1644 1558 1199 1870 1874 1863 1838 2213 2214 1721 2215 2216 2217 2218 2219 1970 2220 2221 1798 890 487 2112 793 576 195 2209
10 163 94 417 440 830 923 1023 643 1109 876
0
24 128 167 245 347 283 93 407 481 501 782 883 640 559 1133 1171 1172 439 1203 1235 667 1125 639 1169 2156
0
288 130 165 468 105 600 560 633 676 765 122 43 1127 1223 123 1340 66 1249 164 1212 1411 1026 1192 512 978 632 539 1396 1532 1385 323 866 1294 420 1114 1440 1142 1631 945 1665 1214 1685 1030 502 1125 1673 947 674 794 1746 1764 441 653 1089 1388 1783 369 299 808 839 527 1293 1809 419 816 1209 316 706 1831 28 971 1850 501 62 754 1111 334 1120 435 1540 1877 972 1240 1572 1211 1878 665 1879 301 1880 1881 255 1882 1883 1884 1460 8 572 176 894 1501 1885 1633 1767 1790 1784 484 825 1886 1689 1859 1428 1319 550 170 682 1887 1187 1888 564 1889 1126 199 1890 1373 1032 304 1469 1891 1892 731 602 436 271 286 694 1763 1893 1894 1895 664 1282 1896 1897 1898 1079 1155 1899 1900 1820 1701 1901 1641 837 970 1199 701 295 780 1902 452 1568 1816 1312 9 506 1247 1903 1904 1409 621 1792 360 1575 596 1905 849 605 734 1684 1727 688 1906 350 1769 1077 1691 1320 1907 1908 48 1302 439 642 1909 1551 1861 1910 449 1911 513 1033 1170 1569 1912 102 413 31 787 998 472 1628 1913 487 1821 1252 45 1179 986 1577 315 1761 697 983 982 107 515 1093 628 1384 693 1560 467 14 1749 1269 1326 1914 1815 1915 532 891 1081 1916 1055 1097 644 1176 1917 836 1215 695 1777 1148 1161 1218 1918 1869 1407 427 1863 387 1919 667 1793 1356 1920 1857 1455 426 440 1921 677 1922 1112 1923 1924 1361 566 416 1644 1807 1475 242 1925 1926 679 942 1738
0
0
33 133 190 259 334 419 446 819 591 445 527 1325 1424 1449 150 546 1480 760 1087 887 743 1533 1301 45 1620 1120 1323 311 1105 911 1184 1742 1758 586
0
35 11 26 149 209 261 590 591 161 109 408 313 844 233 141 1047 237 966 285 1201 1205 541 956 887 872 49 1283 1309 38 766 434 1338 781 1929 1797 750
0
7 14 242 871 486 1032 117 2007
42 138 200 361 268 17 645 9 539 360 934 304 644 432 260 546 499 96 1200 1219 663 574 366 14 28 223 874 586 1335 1095 1358 1125 622 836 992 47 1414 1432 1285 785 1267 1929 1467
0
2 14 122
0
0
0
4 144 207 444 607
0
14 28 82 43 56 31 157 219 79 765 603 102 349 1193 557
5 147 979 295 267 1937
3 686 630 119
6 70 153 644 618 400 19
0
0
56 152 170 214 348 268 622 965 683 1000 296 647 555 9 62 605 1116 655 1134 165 911 574 880 814 1011 28 1242 369 397 1259 1243 637 491 306 1286 539 1293 674 540 904 1342 621 1347 1351 1357 950 356 929 1373 997 76 1127 1417 1435 2222 2223 2224
0
2 154 211
0
18 156 257 280 520 245 501 1018 1166 555 936 1308 589 135 1364 1378 559 2115 2068
0
0
0
160 160 58 560 293 1082 621 459 2 1012 66 1223 211 1214 607 1110 1127 1681 1571 1321 119 1067 970 360 287 7 891 1249 754 441 107 596 694 1011 1049 1737 971 1258 1210 1440 1097 145 2116 1515 1971 1838 923 1587 1024 2117 1651 169 2118 825 1030 366 1689 74 1149 1772 564 252 199 512 2119 1476 1192 164 602 464 299 6 1752 1069 1479 639 1846 1894 647 250 1109 1074 2120 816 226 96 1372 1820 839 1701 1350 1385 1992 1080 1199 1063 168 2121 11 1816 1420 1038 1246 1558 734 808 1691 432 2122 1142 1466 48 1209 1503 1101 2044 880 945 1551 1861 1819 1685 513 1170 1089 866 157 43 329 45 2123 595 541 748 840 693 1560 952 14 796 1055 1315 1212 1218 911 1367 387 667 633 1455 1361 22 1807 1255 1463 518 1443 1475 1751 1779 2124
0
0
16 163 417 525 683 643 830 876 773 888 628 1109 1211 145 1929 1924 2209
0
0
0
0
0
72 169 476 107 751 960 971 1070 1079 684 298 1121 1138 1142 765 1274 1372 8 638 1460 245 566 1097 1055 1540 1369 1209 1443 323 486 866 66 122 1667 287 1026 1684 464 44 513 816 1633 436 1701 1455 679 1721 808 1278 1560 164 1534 1691 1523 706 1125 1030 880 913 1838 1815 1846 674 334 1859 501 677 1571 895 2064 1521 1267 2065
0
1 348
0
47 173 345 519 727 9 6 560 138 679 1362 1367 1323 653 135 1450 945 163 1033 1440 600 1114 1508 1523 970 840 567 1556 45 688 794 1648 7 1608 1030 1192 1214 1089 356 298 1732 43 799 360 754 1026 1985 935
0
12 76 179 222 362 396 434 687 708 809 889 1042 1086
21 176 221 301 423 430 92 725 832 873 342 1002 268 1181 534 435 1382 62 1311 1267 1942 1929
0
0
0
0
0
41 182 428 400 675 684 693 629 793 316 853 709 638 968 969 980 1014 498 541 1061 1096 746 975 540 1191 982 996 1218 687 1251 1267 994 515 595 1598 1952 1164 1953 1712 1607 879 903
0
0
11 87 186 376 607 650 664 739 839 697 1175 245
0
0
0
0
0
0
9 192 288 482 543 700 993 1092 534 1198
0
0
7 745 643 713 830 941 967 987
0
10 197 353 405 738 761 959 1053 1168 1190 1948
0
79 199 316 182 342 197 491 498 107 250 581 353 693 751 793 632 400 595 1007 1077 969 307 436 636 1194 983 541 1217 1218 295 776 1314 593 1025 1336 1353 1363 709 962 746 168 935 515 638 576 211 1291 540 1526 425 1572 1587 1234 1598 628 629 1613 1616 1238 144 1191 1328 1659 1690 1145 1703 1714 1079 1718 1098 1735 1739 1740 994 1753 1760 1765 1080 1341 1324
0
0
57 202 223 17 397 550 231 571 621 642 96 76 311 874 499 948 534 1013 204 49 1095 546 432 671 1206 424 1011 62 1271 572 946 508 360 663 64 1102 1331 1348 864 1149 1239 586 1134 1317 391 1407 1366 653 486 252 1415 1200 1347 1485 1486 904 1512 761
0
49 204 231 96 431 499 135 512 62 546 874 642 586 911 202 810 1174 604 904 1232 1233 362 268 1133 432 1125 814 655 189 572 647 1303 1313 929 1183 502 190 1332 742 534 1370 1400 1418 1042 1448 1319 284 1598 1945 794
0
50 135 192 356 293 629 630 655 678 720 728 700 14 972 1049 194 901 1089 1243 11 1111 245 1305 837 1196 507 190 913 211 416 1463 1367 1491 39 1503 891 1537 1545 1097 1547 638 1030 1569 1577 1582 387 226 1645 449 1293 952
0
0
0
0
5 6 171 52 465 480
0
14 472 596 701 734 674 837 866 895 1035 1064 693 1126 1132 487
38 9 96 334 531 268 260 6 223 909 190 551 1326 799 532 814 1264 942 486 499 1461 259 1239 1149 1208 886 929 1354 1518 1379 1308 946 235 1215 7 1602 1272 1048 125
0
4 216 559 744 749
0
2 218 287
2 619 647
0
4 66 470 854 944
1 1943
0
0
5 225 328 331 414 504
0
0
97 228 105 765 978 1097 1192 587 130 145 1305 459 1089 566 596 1243 674 400 1384 440 1397 1210 1111 487 970 1087 435 1624 1644 1112 653 1469 701 1033 1720 1337 1187 9 1199 1428 420 1114 1120 894 1361 1764 542 998 1790 1616 2 1255 1551 631 1771 1749 866 1252 527 1258 734 1571 1503 1854 470 1768 1388 839 513 993 1721 1030 1965 1197 564 1889 632 304 6 1894 1385 869 1966 1942 1967 1769 1320 579 1170 1279 1628 471 267 1269 1777 534 1698 1779
0
0
3 218 619 790
0
14 233 276 307 358 452 509 570 269 708 996 746 791 820 487
0
0
10 236 528 681 526 717 165 692 872 845 1026
0
0
0
60 240 406 153 356 353 342 113 135 197 17 1520 470 223 1585 1586 383 833 405 334 96 593 742 566 546 323 621 586 1232 788 911 1211 1431 360 952 1717 796 622 628 926 1202 1743 1744 1352 1754 1453 439 9 893 1651 1347 1045 1038 1063 1169 834 571 1822 397 781 1456
0
0
0
4 244 94 440 1064
0
0
20 85 587 500 702 842 906 678 963 527 1009 512 1011 954 746 1114 1301 637 1329 2171 43
0
1 249
0
0
0
0
0
41 255 74 267 293 125 265 130 955 105 846 1111 1127 52 697 9 165 323 706 43 1212 816 632 1097 1566 1170 436 439 1033 501 688 1192 1165 926 1320 891 1631 1727 621 2159 836 1982
5 1932 559 1933 1934 1935
2 83 53
0
6 94 715 957 1011 1012 467
0
0
0
16 263 418 775 813 583 995 66 224 526 1077 1079 1346 107 589 1430 2211
0
5 36 456 1115 663 541
0
0
26 87 376 247 702 64 937 489 252 692 432 1131 750 356 550 1220 245 130 653 929 639 1471 135 2137 1950 2138 1095
0
19 147 233 358 276 479 496 570 208 641 791 307 452 804 820 953 590 745 1027 643
2 215 480
0
3 224 504 2168
2 274 713
0
0
0
0
6 279 526 627 654 630 692
0
0
4 282 486 869 319
0
0
96 223 432 439 508 247 502 17 810 489 397 9 894 911 874 64 260 1125 1102 571 22 259 1253 1280 534 1285 1307 1310 1232 190 622 1081 929 871 1354 1359 491 362 1377 572 1390 1110 936 1398 785 1415 1313 120 1442 1465 1469 1470 904 1487 268 1498 1038 135 814 1013 96 1524 1133 948 1530 304 722 1538 1432 532 1062 1111 910 1558 1454 1045 1395 486 1583 1595 1429 1603 1615 166 1625 1453 1634 1183 574 1668 1676 1686 1095 2101 2102 1267 2103
0
0
0
0
2 290 339
4 364 339 558 1164
2 292 737
0
0
40 295 107 371 492 400 632 640 703 776 684 789 581 316 1010 1066 541 748 638 1118 697 840 507 1069 1194 1080 667 1260 630 1299 1300 709 1077 962 1240 1339 827 913 983 2067 1227
0
23 227 339 949 713 846 637 1120 746 1137 1236 1162 605 978 1210 194 590 638 1223 441 1356 839 526 1950
0
0
0
0
0
1 85
9 37 530 746 23 353 735 591 301 1119
6 305 373 441 512 1956 1929
0
0
0
4 309 489 356 766
0
9 309 316 699 1120 923 746 1350 839 1409
0
106 50 135 356 555 759 223 96 905 653 1008 432 296 997 502 1105 1081 697 1149 486 1276 7 64 936 761 1293 1051 911 1239 534 693 750 724 508 546 674 267 1388 628 740 631 1416 1321 1429 1438 1095 894 1454 369 424 796 361 202 1477 1448 499 893 1280 118 1531 260 1535 1315 144 1549 1550 1378 622 1013 1370 1578 76 190 1174 1606 1524 1618 1619 1635 1342 1642 841 1102 1655 1671 1677 1183 842 1707 1325 869 1111 1737 1414 1741 1750 2160 2161 2064 2162 1164 1990 2163 2164 863 903 2165
0
13 315 390 422 490 524 383 632 640 295 703 639 1079 1267
0
0
4 318 528 311 773
1 409
5 320 267 160 952 1057
0
4 322 324 484 716
0
0
0
7 326 653 750 864 909 551 1970
0
1 96
0
0
4 218 217 557 619
0
3 333 601 670
0
0
30 336 513 719 1165 839 1252 748 891 1397 701 653 449 901 525 665 1097 754 219 975 1503 1033 1562 1571 1019 596 825 1148 349 1479 2097
0
43 338 999 459 369 808 1114 468 839 901 590 1511 1460 983 436 1622 1033 1633 1475 316 706 1026 1192 1721 6 1608 1148 31 1127 1120 515 1768 682 449 1372 1165 490 163 350 1305 480 1258 1279 587
0
6 340 357 393 290 736 1162
0
2 342 1167
9 197 353 636 825 826 927 593 343 2132
0
5 197 267 353 563 1949
0
5 41 415 92 692 2142
0
3 204 855 1604
0
3 351 494 656
0
9 353 405 593 636 879 1054 1957 1929 1958
0
0
278 356 130 605 688 105 165 653 706 512 1058 633 765 1180 313 679 1249 360 850 1277 816 1295 316 566 1369 1142 1234 983 632 1097 436 441 135 694 371 1569 580 267 6 793 1170 576 468 525 323 400 271 587 9 1033 255 1077 1127 1243 527 560 1633 1763 1209 28 1769 972 1388 891 603 901 1475 513 826 1577 1321 470 1320 1305 970 1184 123 366 1114 1455 48 735 1372 387 1312 1849 1049 349 1792 1385 422 1508 211 1223 1367 697 1514 2180 1515 455 1240 1838 2181 1645 1024 301 458 1026 1345 1460 66 2182 176 194 1035 1651 1571 1852 2173 1790 1667 2183 2184 825 1694 1030 2185 1886 490 1689 2186 550 1019 1540 2187 41 2188 1888 564 1802 199 1890 1562 1192 164 1534 602 464 1523 287 480 1069 2027 1479 1210 2189 1433 2120 2190 1196 226 1411 96 2191 2031 1510 2032 1440 1165 2192 2082 2193 1991 1992 941 916 1977 761 1199 701 2194 2195 1994 780 567 2036 2196 1454 2197 1845 1764 1273 621 1420 369 2198 2199 596 1246 2200 2201 849 734 1727 846 1967 1613 971 2202 1691 2203 1503 1293 945 1551 1861 449 2204 1258 1799 678 419 2205 501 245 1685 7 819 926 866 1087 102 145 82 39 31 329 379 487 754 390 1252 45 1441 2206 1256 595 962 748 840 1111 540 693 952 122 14 1749 97 1269 656 740 1161 978 1356 631 426 2207 1673 773 1543 2208 1361 1807 1255 339 1999 1278 1214 298
0
0
0
32 268 178 922 73 565 763 293 1374 765 130 1522 605 1564 9 513 839 260 566 369 271 1142 1460 706 1127 1024 825 436 1785 501 48 1813 1815
0
0
6 502 551 334 1072 1598 2055
4 364 568 698 697
0
0
0
2 153 1105
0
0
0
0
3 215 797 806
0
8 218 448 580 217 631 975 1064 1164
0
2 559 119
2 97 821
4 153 385 70 919
1 380
0
5 382 911 781 1062 1063
0
6 384 694 524 886 766 887
0
0
0
0
0
52 323 1210 596 839 638 1443 1192 1455 1033 1528 1372 1560 1256 102 435 1114 701 1024 978 780 1466 1218 846 1361 1165 1727 1089 420 1375 998 107 449 1771 1777 513 1780 986 1312 926 1651 163 808 1562 1278 1209 825 901 754 1813 1824 1938 970
0
0
5 319 220 935 1155 1254
0
0
2 56 342
0
0
8 399 637 168 1064 76 596 1245 903
0
0
19 85 1022 1135 818 1261 1423 1446 1652 1653 1704 911 580 450 893 655 1801 1134 836 1812
3 403 792 733
0
0
0
0
0
1 490
1 410
0
2 412 729
0
0
0
0
0
0
0
0
0
0
0
0
0
0
0
12 220 618 14 870 655 1167 1184 887 150 1142 559 766
0
3 374 318 448
0
0
0
0
0
0
0
0
0
0
5 94 620 93 697 795
0
96 443 441 527 542 576 778 541 400 507 316 751 1088 484 872 638 468 1247 199 1218 595 515 709 793 250 983 1120 560 540 628 419 632 1093 426 840 1077 962 1323 1548 596 1627 1572 1463 1255 1646 1212 564 360 356 1709 1710 1025 1187 904 982 1291 1301 849 978 1534 629 631 1558 1781 1110 1733 1800 1587 422 880 1779 51 1324 1249 913 1014 748 760 1633 1328 282 1087 1367 1863 1772 1868 1869 1873 805 1394 1694 2104 1453 2105 1684 2106 2059
1 557
0
0
0
5 448 374 218 847 872
7 304 369 1248 1133 1223 1312 2154
6 450 223 204 961 1081 334
2 777 557
0
0
0
1 455
0
0
3 362 652 929
0
0
0
11 321 353 563 197 833 845 125 636 1029 629 1075
4 218 746 674 1151
9 260 267 586 735 663 546 740 920 942
0
0
0
25 199 595 746 316 793 709 515 748 1368 1011 1080 1109 207 1145 840 542 540 1572 1605 1568 993 1149 982 1110 421
0
5 66 493 865 899 900
2 471 523
0
0
26 190 334 646 476 298 882 512 47 287 894 1208 223 1239 814 1319 432 1379 932 1420 1440 1457 1464 1032 929 2145 2097
2 475 85
0
1 473
11 433 547 666 290 1254 2092 208 2093 168 2094 903
0
0
0
0
0
0
0
0
0
2 488 743
0
0
0
0
0
0
0
47 9 459 130 25 1127 596 293 1294 105 587 836 439 323 1475 1067 1514 600 1055 1256 632 605 676 1629 1149 808 1440 1373 580 1515 1252 734 102 43 621 1129 564 706 701 502 11 1751 872 1759 1762 260 986 126
0
30 163 512 706 718 194 353 633 974 587 636 417 164 745 816 639 593 808 1431 1223 1479 629 1508 876 1555 48 1311 1570 1411 1963 1964
0
0
44 366 521 566 165 1154 653 1209 1244 400 1365 130 916 560 525 456 512 436 692 1372 580 1170 765 1540 1574 107 1596 1059 17 441 271 185 706 1696 188 688 105 502 1766 1375 48 816 1012 2146 1942
0
0
13 49 218 448 631 7 660 25 76 695 928 1221 1043 1064
0
82 506 1097 387 913 850 972 998 839 416 891 400 971 816 426 62 422 226 31 1165 350 1293 1691 1252 1725 1733 1645 600 665 436 1347 371 376 1192 559 282 1475 1787 926 1210 1372 1167 164 1814 1077 1818 433 501 629 866 320 150 1429 1026 168 1466 420 157 826 1875 1876 1240 542 1305 2001 484 1319 125 564 199 2002 602 1533 1764 605 1500 219 39 540 507 2003 437 1807
0
0
0
0
8 511 67 663 769 852 551 914 958
0
0
0
0
0
3 517 884 1028
0
0
0
0
0
0
6 470 796 814 647 740 1936
0
1 526
0
0
0
0
0
0
0
8 534 540 486 742 834 796 946 2081
0
4 536 247 172 118
0
0
36 539 622 717 223 486 432 890 942 997 992 296 674 869 836 120 253 602 184 96 361 1282 1215 551 1304 679 2 911 1352 1107 1366 546 1395 1408 1176 1427 761
0
0
0
0
0
0
1 546
0
0
1 549
0
0
0
11 122 642 204 118 546 893 750 499 810 936 360
3 554 612 153
0
0
3 217 318 1942
0
0
0
0
1 562
0
0
0
0
0
0
2 756 146
0
0
0
0
47 574 268 1038 36 223 1272 1174 555 64 432 746 674 402 369 1239 431 424 1149 2 1186 1451 905 1561 1378 17 111 1048 551 936 1329 1632 1127 1586 531 499 722 491 1013 1679 1683 1415 252 1308 1191 1470 146 1240
0
0
0
5 197 353 636 833 976
8 579 668 484 1064 1215 1256 1210 1356
0
0
0
1 583
0
7 585 609 657 1124 1109 1267 1929
0
0
0
0
0
0
10 685 990 73 1004 702 887 22 1954 1955 903
2 304 14
0
1 58
0
0
0
2 353 525
0
0
0
0
0
0
0
0
0
2 346 741
1 1109
1 611
0
0
3 311 773 79
2 615 582
0
0
0
0
0
0
0
0
5 624 679 58 240 618
9 1085 773 1213 1238 391 623 808 1292 1322
1 573
0
0
0
0
0
0
0
0
0
13 309 586 740 878 287 525 25 1114 1019 1055 781 713 1536
0
0
0
0
0
0
0
0
0
0
0
0
0
0
0
3 652 147 761
5 147 778 618 2135 2136
0
0
0
0
0
0
2 660 287
0
0
0
0
0
0
0
0
0
0
0
0
0
0
0
0
0
0
0
15 11 766 839 677 706 1141 1067 323 1030 808 1024 816 2212 654 903
0
0
0
0
0
0
0
0
0
0
0
2 692 1069
0
0
0
0
4 697 798 824 1071
0
5 568 1130 1182 946 869
0
0
0
0
0
0
0
0
3 27 834 655
0
0
1 711
1 1006
2 713 766
0
0
0
0
0
0
0
0
19 722 1080 252 1059 1074 1109 1011 743 366 640 1402 703 655 713 1504 789 863 299 2099
0
0
0
0
15 25 220 816 743 566 271 356 49 887 596 975 702 746 713 366
0
0
0
3 731 487 1032
0
1 733
0
0
0
0
0
0
0
0
0
0
0
0
0
0
2 629 557
0
0
0
0
0
0
2 70 1162
0
0
0
0
0
0
0
1 647
0
4 667 295 819 840
0
0
18 448 1089 706 1170 998 1141 982 1421 1192 765 971 66 1114 449 1557 808 1252 2167
0
0
0
37 622 785 96 846 666 933 247 589 555 268 118 9 750 539 223 761 499 287 1176 1186 929 550 948 653 604 1239 925 486 1288 1013 1289 135 905 1315 1259 2069 2070
0
0
2 618 859
0
0
0
0
22 780 875 267 972 628 1111 640 1170 1148 1210 840 1089 1087 1515 560 1375 1192 1312 679 1114 2127 2139
0
0
0
0
0
0
0
0
0
0
0
0
0
0
0
0
0
0
0
0
0
6 802 702 946 1225 249 1241
0
6 733 819 889 526 290 583
0
0
0
5 808 891 765 1015 1101
0
0
0
0
0
0
0
5 816 1024 765 122 1055
0
5 818 85 1330 1446 580
0
0
0
0
3 823 1122 1968
0
0
0
0
0
0
5 470 435 1148 1210 1255
0
0
0
0
0
0
0
0
0
0
0
0
0
0
0
0
0
0
2 157 145
0
0
0
0
0
0
2 761 339
0
0
0
0
0
6 107 766 581 199 962 1057
2 863 697
0
0
0
0
0
0
0
0
0
0
0
0
0
0
42 633 441 323 653 316 567 1127 839 164 945 293 1212 1385 1249 165 677 901 1568 1440 1293 28 513 301 43 107 130 1689 1543 1026 975 1361 688 1079 11 468 1211 1773 891 245 1795 122 1944
7 525 527 268 1211 296 618 213
0
0
10 60 992 692 975 929 1183 1177 334 486 2096
0
0
0
0
0
0
0
0
0
0
6 583 869 918 697 146 761
0
0
0
0
1 218
2 890 863
0
0
0
0
0
0
0
0
6 908 766 527 702 1462 1249
0
0
0
0
0
0
0
1 916
0
3 618 655 527
0
0
0
0
0
0
1 204
0
0
0
0
0
0
1 932
0
0
0
0
0
0
0
0
0
0
0
2 353 1005
0
0
0
0
0
0
0
0
0
0
0
0
0
0
0
0
0
0
0
0
0
0
0
0
0
0
0
0
0
0
0
0
0
0
0
0
0
1 369
0
0
0
0
0
0
3 989 981 296
0
0
0
0
0
0
0
0
0
0
0
0
0
0
0
0
0
0
0
0
0
0
0
0
0
0
0
0
0
0
0
0
0
0
0
0
0
0
0
0
0
0
3 525 1104 618
0
0
0
0
0
0
0
0
3 834 135 1063
0
0
0
0
0
0
0
0
0
1 814
2 1052 2157
0
0
0
0
0
0
0
0
0
0
0
0
0
0
0
0
0
0
0
0
0
0
0
0
2 319 952
0
2 871 2067
0
0
0
0
0
0
0
0
0
0
0
0
0
0
0
0
0
0
0
0
0
0
0
0
6 49 525 702 267 781 1162
0
0
0
0
0
0
0
0
0
0
0
0
0
0
0
0
0
0
0
0
0
0
0
0
0
0
0
0
0
0
0
0
0
0
0
0
0
0
0
0
0
0
0
0
4 403 1650 1674 1950
0
0
0
0
0
0
0
2 1157 2155
0
5 901 970 387 2010 2011
0
0
0
0
0
0
0
0
0
0
0
0
0
0
0
0
0
0
12 819 525 1184 1238 993 693 1069 1473 1088 295 655 527
0
0
0
0
1 1929
0
0
0
0
0
0
0
0
0
0
0
0
0
0
0
0
0
0
0
0
0
0
0
0
0
0
0
0
0
0
0
0
0
0
0
0
0
0
0
0
0
0
0
0
0
0
0
0
0
0
0
0
0
0
0
0
0
0
0
0
0
0
0
0
0
0
0
3 1011 2210 276
0
0
0
0
0
0
0
0
0
0
0
5 309 1489 1505 1162 888
0
0
0
3 924 334 1233
0
0
0
0
0
0
0
0
0
0
4 1321 47 607 58
0
0
0
0
0
0
0
0
0
1 582
0
0
1 317
0
0
0
0
0
41 1297 1392 1412 74 150 998 85 506 323 271 839 1293 1823 1249 808 566 484 1258 1019 1872 2008 972 665 1030 706 1820 1165 1184 2009 1764 369 1223 48 1388 901 1170 1569 1256 320 1356 1127
0
0
0
0
0
0
0
0
0
0
0
0
0
0
0
0
0
0
0
0
0
0
0
0
0
0
0
0
0
0
0
0
0
0
0
0
2 1334 1612
0
0
0
0
0
0
0
0
0
0
0
0
0
0
0
0
0
0
0
0
0
0
0
0
0
0
0
0
0
0
0
0
0
0
0
0
0
0
0
0
0
0
0
0
0
0
0
6 356 655 499 1215 728 118
0
5 94 93 889 1167 1057
0
0
0
0
0
0
0
7 339 713 1329 743 1064 745 58
0
1 218
0
0
0
0
0
0
0
0
0
0
0
0
0
0
0
0
0
0
0
0
0
0
0
0
0
0
0
0
0
0
0
0
0
0
0
0
0
0
0
0
0
0
0
0
0
0
0
0
0
0
0
0
0
0
0
0
0
0
0
0
0
0
1 1301
0
2 561 188
0
0
0
0
0
0
0
0
0
0
0
0
0
1 16
0
0
0
0
0
0
0
0
4 738 353 197 1168
1 470
0
0
0
0
0
0
0
4 194 702 2095 379
0
0
0
0
1 631
2 294 1931
0
0
0
0
0
0
0
0
0
0
0
0
1 1510
0
0
0
0
0
0
1 750
2 215 270
0
0
0
0
0
0
0
0
0
0
0
0
0
0
0
0
0
0
0
0
0
0
0
0
0
0
0
0
78 819 1184 808 839 323 1278 387 1293 901 1252 891 416 31 1721 301 1030 1464 1024 1421 1455 1149 972 1302 1838 923 2172 665 1026 1885 2173 484 1689 564 834 282 1192 299 1895 816 226 1665 640 1199 1105 198 1409 1246 1842 1558 605 2174 1466 1110 48 1114 2175 2176 245 513 1033 102 43 190 628 1560 14 320 1097 695 1148 2003 1356 1857 2177 2056 2059 2178 1443
0
0
0
0
0
0
1 655
0
0
0
0
0
0
0
0
0
0
0
0
0
0
0
0
0
0
0
0
0
2 215 1640
0
0
0
0
0
0
0
0
0
0
0
0
0
3 1590 1069 692
0
8 1134 1210 1252 978 1515 1464 1112 1778
0
0
0
0
0
1 761
0
0
0
0
0
0
0
0
0
0
0
0
1 1611
0
0
0
0
0
0
0
0
0
0
3 224 1968 1929
0
3 778 512 2134
0
0
0
0
0
0
0
0
0
0
0
0
0
1 887
0
14 1293 816 1089 1372 1305 387 1420 1033 107 420 226 362 978 600
0
0
0
0
0
0
0
9 339 792 846 1726 713 1162 1060 655 1360
0
0
0
0
0
0
0
0
0
0
0
0
0
2 525 1142
0
9 701 972 596 1170 1155 600 1312 527 450
0
0
97 163 677 1192 564 1097 596 839 978 323 513 298 676 1790 816 1170 866 1727 426 413 674 294 486 693 1971 1024 1125 1026 850 1651 1972 1030 435 1973 1891 164 464 1479 1974 1975 51 1062 1155 1976 970 1184 1977 701 295 1453 1978 1352 734 688 846 1691 1908 1979 765 1120 1388 1258 1980 419 245 1608 1033 926 1087 102 39 62 998 379 1252 1441 986 267 1256 1981 709 540 400 1560 122 320 1831 752 1916 1982 1813 1983 1455 600 534 1543 437 1984
0
0
0
0
0
0
0
0
0
0
0
0
0
1 887
0
0
0
0
0
0
0
0
0
0
0
0
0
0
0
0
0
0
0
0
0
0
0
0
0
0
0
0
0
0
0
0
0
0
0
0
0
0
0
0
0
0
0
0
0
0
0
0
0
0
0
0
0
0
0
0
0
0
0
0
0
0
0
0
0
0
0
0
0
0
0
0
0
0
0
0
0
0
0
0
0
0
0
0
0
0
0
0
0
0
0
0
0
0
0
0
0
0
0
0
0
0
0
0
0
0
0
0
0
0
0
0
0
0
0
0
0
0
0
0
0
0
0
0
0
0
0
0
0
0
0
0
0
0
0
0
0
0
0
0
0
0
0
0
0
0
0
0
0
0
0
0
0
0
0
0
0
0
0
0
0
0
0
0
0
0
0
0
0
0
0
0
0
0
0
0
0
0
0
0
0
0
0
0
0
0
0
0
0
0
0
0
0
0
0
0
0
0
0
0
0
0
0
0
0
0
0
0
0
0
0
0
0
0
0
0
0
0
0
0
0
0
0
0
0
0
0
0
0
0
0
0
0
0
0
0
0
0
0
0
0
0
0
0
0
0
2 1928 1929
0
0
0
0
0
0
0
0
0
0
0
0
0
0
0
0
0
0
0
0
0
0
0
0
0
0
0
0
0
0
0
0
0
0
0
0
0
0
0
0
0
0
0
0
0
0
0
0
0
0
0
0
0
0
0
0
0
0
0
0
0
0
0
0
0
0
0
0
0
0
0
0
0
0
0
0
0
0
0
0
0
0
0
0
0
0
0
0
0
0
0
0
0
0
0
0
0
0
0
0
0
0
0
0
0
0
0
0
0
0
0
0
0
0
0
0
0
0
0
0
0
0
0
0
0
0
0
0
0
0
0
0
0
0
0
0
0
0
1 2067
0
0
0
0
0
0
0
0
0
0
0
0
0
0
0
0
0
0
0
0
0
0
0
0
0
0
0
0
0
0
0
0
0
0
0
0
0
0
0
0
0
0
0
0
0
0
0
0
0
0
0
0
0
0
0
0
0
0
0
0
0
0
0
0
0
0
0
0
0
0
0
0
0
0
0
0
0
0
0
0
0
0
0
0
0
0
0
0
0
0
0
0
0
0
0
0
0
0
0
0
0
0
0
0
0
0
0
0
0
0
0
0
1 1943
0
0
0
0
0
0
0
0
0
0
0
0
0
0
0
0
0
0
0
0
0
0
0
0
0
0
0
0
0
0
0
0
0
0
0
0
0
0
0
0
0
0
0
0
0
0
0
0
0
0
0
0
0
0
0
0
0
0
0
0
