1224
15 2 3 4 5 6 7 8 9 10 11 12 13 14 15 16
29 19 129 3 184 185 24 5 186 27 34 187 8 38 83 42 109 10 143 188 46 11 12 13 166 57 76 113 189 190
87 95 149 18 169 179 2 19 129 150 212 234 235 4 165 22 96 23 90 24 5 133 25 200 26 27 98 99 171 151 158 240 203 241 91 80 6 101 32 205 152 64 34 242 103 172 8 104 36 105 106 81 265 82 93 9 107 108 38 83 40 41 42 44 109 110 154 193 69 143 182 46 72 144 11 12 13 47 14 48 173 111 49 211 112 266 50 51
16 234 3 235 315 260 5 26 240 91 6 316 82 53 83 40 11
46 89 2 234 258 3 235 165 22 184 131 24 25 186 26 27 99 75 240 136 91 80 6 101 32 34 103 8 104 262 93 107 108 53 246 83 42 143 46 249 11 12 13 47 14 49 50
9 3 5 136 80 153 112 394 121 462
0
45 2 19 258 3 235 4 184 170 131 24 5 25 26 27 28 75 240 195 32 187 103 424 104 262 243 82 93 9 107 108 53 245 83 69 46 249 11 12 14 111 49 112 50 15 198
10 4 97 6 35 53 40 94 485 118 127
15 2 19 3 5 133 27 242 172 38 143 72 11 403 678 117
14 3 79 170 336 75 136 6 7 35 197 166 94 699 119
21 2 3 5 35 108 53 83 69 46 11 47 111 94 76 114 115 116 118 55 125 222
82 1 95 149 20 150 3 130 79 165 22 184 157 96 23 90 24 5 200 186 26 27 99 151 241 359 80 6 101 140 32 205 152 102 284 103 172 8 104 36 106 243 265 153 82 9 244 107 108 38 40 247 41 42 44 109 110 154 69 71 143 182 46 72 11 12 47 14 48 173 111 49 167 211 112 94 76 50 113 183 189 121 15
50 3 130 79 235 22 184 24 5 186 26 27 98 99 75 158 240 136 241 91 80 6 32 33 284 103 172 35 8 424 36 243 9 244 107 66 53 83 40 42 43 69 46 72 11 12 49 286 112 266 94
15 425 403 551 771 117 118 224 372 177 594 198 462 122 368 777
18 113 587 403 115 350 582 118 119 539 224 177 786 121 168 15 462 755 127
43 1 18 19 20 21 3 22 23 24 5 25 26 27 28 29 30 6 31 32 33 34 35 36 37 9 38 39 40 41 42 43 44 45 46 11 12 13 47 14 48 49 50 51
29 149 2 3 79 22 157 23 5 133 27 158 6 103 38 159 41 43 45 68 154 71 46 11 12 14 146 112 94 160
24 2 19 3 165 184 185 24 5 186 34 187 8 38 83 42 109 188 46 11 12 13 76 113 183
39 128 150 199 3 23 5 134 200 201 27 151 202 30 203 204 6 140 205 64 206 207 208 108 83 39 209 69 71 143 11 12 13 47 210 49 167 145 211 112
0
96 89 95 212 234 3 79 165 282 170 96 23 74 90 5 134 200 26 27 98 99 171 151 75 158 203 91 80 6 101 140 32 205 152 64 33 102 103 172 207 8 104 36 105 106 81 243 265 153 82 37 93 9 244 107 108 38 215 53 245 246 83 290 39 40 322 42 43 44 109 68 10 110 154 69 182 278 46 72 11 12 13 217 47 14 48 173 49 167 146 211 286 112 266 94 50 51
106 18 161 169 2 19 129 20 150 212 234 3 79 4 165 282 22 325 184 157 96 381 326 380 74 90 24 5 200 27 99 171 151 75 158 239 136 30 137 63 382 138 241 91 80 383 140 32 205 233 64 102 242 172 207 104 106 243 265 153 82 9 294 244 107 108 38 83 40 41 42 43 44 109 45 10 110 154 193 209 69 71 143 278 46 72 11 12 13 384 47 296 210 14 48 111 49 385 146 211 112 94 76 287 50 51 113
0
3 3 5 94
36 3 79 235 22 260 90 5 99 240 136 91 6 32 205 103 35 104 82 93 9 244 108 53 83 109 110 72 11 12 13 47 173 49 211 112 94
71 89 95 129 150 212 3 130 79 96 23 74 90 24 5 98 99 151 275 75 241 91 101 32 205 152 64 102 103 35 8 424 104 105 106 82 9 244 107 108 66 40 41 42 44 109 110 193 69 143 182 46 72 144 11 12 13 47 14 48 111 49 146 211 112 94 50 51 113 425 118 15
27 89 3 192 281 4 184 131 97 5 27 307 187 8 310 107 108 53 83 40 11 12 167 94 76 113 117 446
51 17 212 3 130 79 22 184 97 74 24 5 27 99 75 470 63 80 471 6 64 33 34 103 472 35 8 36 9 310 53 83 40 45 68 71 143 46 72 11 12 13 47 14 473 49 112 94 76 50 474 55
0
23 17 3 5 133 98 80 139 32 533 8 310 534 11 94 51 370 303 535 536 537 538 539 540
115 89 95 149 18 2 19 150 212 560 234 59 263 3 130 235 320 213 22 325 184 131 305 23 90 24 5 25 134 200 186 26 27 98 99 151 275 75 240 136 30 276 138 414 241 91 80 6 383 195 101 548 205 152 33 34 102 284 187 103 207 8 104 262 105 106 81 243 82 93 9 244 107 108 38 504 561 53 245 83 39 40 562 322 42 43 44 109 68 110 154 69 143 248 46 72 249 144 11 12 13 47 347 14 48 173 111 166 49 167 211 112 266 94 50 51
40 19 3 130 79 235 165 22 184 24 5 200 27 99 151 158 91 80 6 32 242 103 35 8 243 265 244 108 40 42 70 46 72 11 13 217 14 167 211 94 51
7 129 3 5 186 6 11 49
36 3 130 22 97 74 5 27 99 75 6 101 32 64 103 172 104 106 9 108 83 42 44 110 69 182 11 12 47 48 49 94 76 50 51 113 118
3 79 6 83
55 78 3 22 90 5 135 98 99 151 158 91 6 101 214 102 103 172 153 412 108 83 534 43 68 622 11 12 166 94 76 51 629 113 630 219 451 349 379 220 148 118 84 588 351 120 121 168 15 353 584 368 631 125 222 126
34 18 2 150 212 234 3 79 165 96 23 5 27 99 171 151 158 32 172 153 40 41 42 43 109 68 10 154 13 14 48 112 50 86 190
3 5 43 183
45 212 59 3 165 213 184 23 74 90 5 27 99 158 238 63 6 32 33 65 102 172 8 104 243 153 107 38 83 68 110 666 182 72 12 13 14 111 167 112 50 474 451 667 224 120
43 89 2 3 79 96 23 90 393 24 5 186 27 99 80 6 292 32 102 35 36 9 108 38 83 40 247 626 42 43 433 154 193 46 72 11 13 48 211 94 76 121 15 55
12 3 165 5 6 265 159 40 432 13 48 112 121
3 133 6 39
50 89 150 3 79 4 22 184 96 23 90 5 26 27 99 30 91 80 6 101 32 102 103 172 8 104 106 81 93 9 244 108 83 42 143 46 72 11 12 13 47 14 48 111 49 112 266 94 50 51 519
4 17 18 244 70
14 89 3 23 5 80 6 34 243 83 43 11 13 211 76
11 129 130 24 136 30 53 143 144 12 49 94
49 19 212 3 23 90 24 5 133 186 27 98 99 158 91 6 102 103 104 106 81 153 37 9 108 38 53 83 534 44 154 345 11 12 13 47 166 94 51 113 219 148 117 118 84 224 710 177 15 122
2 3 173
69 58 2 129 150 234 3 79 165 22 23 5 134 186 27 135 99 151 137 91 101 140 32 205 152 64 242 103 207 8 104 36 105 106 9 107 108 38 66 245 159 83 40 42 44 109 68 110 154 193 69 143 182 144 11 12 13 47 111 167 211 112 94 76 163 118 84 368 55 125
13 212 3 91 102 284 103 197 108 83 11 166 266 94
3 53 54 55
0
1 55
17 97 100 436 474 302 403 117 118 86 119 539 224 351 121 594 15 122
1 57
30 3 130 184 131 132 5 30 32 233 600 602 196 9 108 53 68 154 143 527 46 49 112 387 727 113 189 118 224 190 127
19 59 3 27 60 61 62 63 64 65 66 43 67 45 68 69 70 71 72 50
88 58 89 150 212 234 3 79 235 236 192 4 165 22 184 237 23 5 26 27 99 171 151 75 238 239 240 30 61 63 241 91 32 152 64 33 102 242 187 103 172 8 141 105 106 81 243 9 244 107 38 215 53 245 246 159 83 40 247 44 109 45 68 110 69 143 248 182 46 72 249 11 12 13 217 47 14 173 49 250 167 211 251 112 94 50 51 198 55
46 1 58 19 3 4 366 184 90 24 5 25 186 26 27 75 136 30 283 400 360 6 292 32 103 476 35 9 38 66 53 45 193 143 144 11 12 14 477 166 112 94 51 436 113 303 127
41 58 128 234 59 254 258 79 235 317 165 260 5 27 135 171 158 238 63 358 6 463 33 65 104 243 153 413 108 45 10 71 249 11 12 300 173 286 112 94 361 50
3 9 118 495
50 58 223 234 59 254 258 3 235 299 317 97 381 369 5 26 135 275 238 307 61 80 6 64 33 242 187 207 243 53 40 45 68 312 209 500 249 347 173 286 57 50 474 86 394 224 177 121 15 501 55
131 58 95 149 18 179 2 129 20 227 212 234 59 258 3 130 79 235 366 165 22 289 184 157 170 131 96 23 5 200 26 27 438 151 158 136 406 137 203 63 138 521 80 360 101 557 32 152 233 570 33 242 187 103 172 207 8 104 197 105 106 81 243 265 153 37 93 9 294 244 108 66 53 159 577 83 40 492 41 42 67 578 109 45 68 10 110 154 269 209 69 71 143 182 579 278 46 72 11 12 217 47 296 210 48 173 111 166 49 250 167 146 286 112 94 147 57 76 50 51 113 580 581 183 163 582 118 583 121 353 584 368
23 58 234 59 254 258 3 235 299 317 260 135 171 238 61 63 243 108 45 249 173 286 50 55
131 58 89 95 128 149 19 150 212 234 59 199 264 3 271 79 4 165 22 184 170 96 23 74 90 24 5 133 25 200 186 26 27 98 99 171 438 441 151 75 158 202 240 136 60 30 283 203 400 63 241 508 91 80 204 411 6 101 32 205 152 64 34 102 242 103 172 207 8 104 262 36 141 105 106 81 265 82 93 9 482 244 107 108 38 408 53 509 83 40 492 41 42 44 109 68 110 154 193 209 69 457 71 650 143 182 46 72 144 11 12 13 47 14 48 173 111 49 146 211 112 266 94 387 57 76 50 51 189 77 519 126
19 58 89 19 194 131 5 186 28 75 6 557 9 53 247 11 94 76 113 163
61 58 18 169 150 212 232 59 22 184 96 132 27 99 171 151 158 238 283 63 80 411 479 6 32 233 64 33 242 172 243 153 37 294 38 334 215 216 676 39 40 337 43 44 154 69 248 182 72 13 217 49 250 167 57 50 51 348 394 121 677 190
10 235 90 5 27 6 8 40 143 12 14
28 58 2 3 165 157 5 27 158 136 80 541 103 35 108 38 40 43 45 10 69 11 47 48 112 51 163 332 55
80 58 89 149 18 179 2 129 20 560 59 3 79 22 184 157 23 24 5 133 25 27 98 99 151 75 158 238 136 29 30 61 276 80 558 6 557 7 64 33 102 103 172 36 106 81 265 9 108 561 159 83 40 247 41 42 44 109 10 154 69 143 579 324 278 46 72 11 12 13 300 217 48 49 211 112 266 94 51 121 190
13 3 130 282 24 5 27 243 10 11 12 112 76 190
8 3 74 5 75 11 76 51 77
0
26 212 3 170 5 336 261 136 6 32 284 8 323 262 197 66 53 246 83 249 11 14 166 266 94 51 198
17 3 165 5 28 80 35 53 83 42 11 113 183 220 118 119 177 121
0
14 3 79 5 80 81 82 37 83 10 11 13 49 51 84
73 89 18 2 212 3 165 282 22 170 96 74 90 24 5 200 27 98 99 171 151 75 158 283 241 91 6 101 140 32 284 103 172 8 36 106 243 265 153 9 244 107 108 38 246 83 39 40 277 42 43 44 154 193 69 71 46 249 11 12 13 285 14 111 49 167 211 286 112 266 94 287 50 51
3 5 27 46
20 89 150 3 22 90 5 99 152 102 104 106 265 42 46 11 12 111 94 350 222
32 212 3 79 22 90 5 200 26 91 6 32 35 8 104 265 310 108 53 246 83 40 42 11 13 48 173 111 49 211 51 118 222
32 3 4 22 74 90 5 25 27 336 98 75 80 6 102 284 103 104 197 106 93 108 53 11 12 166 49 266 94 51 118 121 222
40 97 90 91 102 9 310 534 48 94 51 113 114 425 769 115 116 219 303 451 349 350 805 118 446 121 168 352 160 353 517 198 462 123 368 124 519 55 125 222 126
1 86
28 97 400 310 782 113 348 425 551 303 451 899 118 224 372 351 120 772 121 516 15 462 122 777 55 125 222 126 127
3 88 5 43
0
15 3 79 22 23 90 5 27 91 6 92 93 44 11 12 94
47 150 212 258 3 22 289 5 98 158 136 91 6 214 102 284 103 172 104 106 81 37 310 108 389 83 44 109 68 390 11 48 111 166 94 51 391 219 367 118 84 168 160 15 353 123 392 222
8 3 79 284 103 81 11 94 51
5 89 3 5 606 163
24 3 235 170 131 90 26 336 75 240 8 262 105 244 53 246 83 11 12 173 112 94 350 633 55
55 95 149 150 3 79 22 170 96 74 90 5 26 27 91 6 102 103 104 197 106 82 37 93 9 244 310 108 83 40 42 44 182 11 12 13 47 166 266 50 51 114 219 350 118 84 119 121 168 353 198 123 632 519 222 126
62 3 79 22 96 97 23 90 24 5 27 98 99 91 80 100 6 101 64 102 103 8 104 105 106 93 9 107 108 38 83 40 42 109 110 69 72 11 12 13 47 48 111 49 112 94 51 113 114 115 116 117 118 119 120 121 122 123 124 55 125 126 127
80 89 95 128 149 18 19 212 3 79 165 282 22 23 74 90 5 200 27 98 99 151 158 241 91 80 6 292 101 140 32 205 152 64 102 103 104 36 105 106 81 153 9 244 107 108 38 245 83 40 41 42 43 44 109 110 154 193 69 345 182 346 72 11 12 13 47 347 14 48 111 49 146 211 286 112 266 94 76 50 51
37 95 3 4 5 26 100 9 310 43 312 11 49 51 348 219 303 349 350 77 148 117 118 84 119 224 351 120 168 352 353 123 124 55 125 222 126 127
31 3 79 184 96 90 24 5 27 99 158 91 6 102 284 103 172 36 106 108 40 345 11 12 296 166 94 76 51 219 353 222
62 150 212 3 79 165 22 184 23 74 90 24 5 133 26 27 336 239 136 241 91 6 292 32 102 187 103 309 172 104 106 81 93 9 244 107 108 38 83 40 277 41 42 109 110 193 69 11 12 13 47 14 48 49 146 112 94 147 50 51 114 189 177
3 40 391 348
43 95 19 3 22 96 90 24 5 186 27 241 91 6 32 102 103 35 8 104 153 93 108 245 246 83 40 42 43 44 110 69 182 11 12 13 47 111 211 112 94 50 51 113
39 212 3 79 235 22 96 90 5 27 98 99 241 91 152 103 172 104 106 81 37 9 244 40 42 109 193 11 13 296 48 94 76 51 114 183 350 118 84 222
7 212 3 91 6 105 40 118
17 150 3 5 200 91 6 32 284 8 243 83 42 69 11 12 94 51
140 612 89 95 149 20 150 234 59 252 3 613 79 315 165 88 22 335 96 97 369 378 74 90 24 5 25 134 200 201 27 99 438 439 614 151 275 158 461 238 60 406 137 61 276 63 615 91 521 80 100 479 541 545 101 548 140 552 616 273 32 566 205 152 64 65 284 242 172 617 207 8 424 589 104 607 36 106 81 618 412 93 9 108 619 38 620 408 621 245 83 39 505 492 277 337 42 44 109 110 154 193 269 209 69 622 248 278 46 253 72 249 144 11 12 13 47 210 14 48 173 111 174 49 167 146 211 112 266 94 147 287 162 623 50 624 51 625 119 122 55
66 89 95 2 150 3 79 235 22 96 23 90 5 26 27 98 99 151 28 261 158 241 80 6 32 102 187 103 172 104 197 81 265 82 93 9 107 108 53 83 40 42 43 44 109 69 345 71 182 46 72 11 12 13 47 14 48 111 166 49 211 112 266 94 76 50 51
82 89 95 150 212 3 79 235 192 4 213 22 184 131 96 23 74 90 24 5 26 27 99 151 28 275 240 136 30 91 6 532 101 32 33 102 284 187 103 172 35 8 104 36 105 243 93 9 244 108 246 83 40 42 43 44 109 110 69 345 182 324 278 46 72 11 12 13 217 47 14 173 49 145 146 211 286 112 266 94 76 50 332
48 150 3 165 22 184 96 381 23 74 90 5 26 27 99 151 136 91 80 205 152 284 187 103 104 265 153 93 9 310 53 83 40 42 109 110 182 11 12 13 48 173 111 49 112 94 76 51 77
51 95 129 212 3 4 165 320 22 96 23 90 24 27 99 151 203 241 91 80 383 32 205 152 64 102 172 424 265 244 108 38 66 83 40 42 110 154 193 69 72 11 12 13 111 49 167 211 112 50 113 121
9 130 26 27 30 32 144 47 76 50
62 89 95 150 212 3 79 96 90 5 27 99 151 30 241 91 6 101 32 152 64 8 105 106 81 93 9 310 108 83 40 42 44 109 110 69 182 12 13 47 48 49 211 112 94 50 51 113 114 219 183 350 582 118 84 712 119 462 123 368 55 222 126
42 95 2 150 212 3 79 22 96 23 5 27 99 151 91 6 101 32 152 102 103 104 106 81 93 244 107 108 53 83 42 43 44 109 110 69 12 13 14 111 49 94 50
0
53 95 3 192 97 5 102 8 9 108 246 534 10 11 12 14 111 423 113 348 846 515 769 115 219 303 451 349 220 899 117 118 84 712 119 224 840 446 588 120 772 121 822 352 160 15 584 462 123 368 124 519 778 125
13 2 5 12 736 782 348 118 224 177 763 122 777 127
5 425 593 485 1020 125
68 97 187 310 11 51 736 629 768 113 425 514 474 302 339 812 403 769 956 930 605 219 961 349 350 805 379 678 771 189 904 118 119 539 1103 224 446 897 177 992 772 121 936 168 999 895 516 352 594 15 353 751 198 584 462 122 368 655 752 852 632 775 757 1034 125 222 126 127 779
86 95 97 90 24 400 91 100 102 230 106 9 310 53 83 534 312 182 11 12 94 76 50 51 736 391 629 113 348 846 114 338 515 474 339 403 769 115 593 116 605 219 303 451 349 183 350 805 220 771 899 148 1121 117 582 652 86 84 394 119 539 224 710 351 120 177 772 745 121 178 516 352 15 353 198 584 462 122 123 124 755 518 777 55 125 222 126
0
37 95 150 97 100 37 9 310 11 48 94 51 391 629 113 348 425 339 219 303 451 805 148 118 84 119 224 710 351 121 516 352 122 519 758 125 222 126
7 83 113 118 224 177 758 222
34 95 97 5 100 310 782 391 629 113 348 425 403 593 219 451 770 183 805 1194 536 117 118 86 539 224 120 177 121 15 462 632 125 222 126
45 95 97 90 5 106 534 42 312 11 113 114 425 769 116 303 451 770 535 350 805 220 899 1121 484 118 84 224 120 745 121 178 352 160 15 517 462 368 124 775 519 55 125 222 126 127
4 348 115 118 772
66 95 97 100 9 310 83 534 11 12 49 94 50 51 782 370 329 391 629 113 348 846 114 425 910 515 474 403 115 551 219 303 451 349 183 350 805 220 536 1121 117 582 485 118 86 84 394 119 539 224 120 178 168 352 160 353 462 122 123 368 124 518 777 16 55 222 126
27 89 90 310 736 329 113 425 403 551 593 303 451 349 805 667 118 86 761 1103 224 168 486 123 368 631 55 222
81 97 283 411 242 9 534 328 94 736 759 329 879 371 348 846 114 425 810 403 769 115 551 928 1209 303 483 963 350 220 163 678 1194 843 367 899 1117 1165 582 484 485 118 933 712 538 611 539 224 446 819 177 745 763 786 168 486 516 352 160 15 501 353 462 122 123 487 1018 801 943 775 765 518 802 887 16 1038 841 778 1126 125 222 1109
54 89 129 20 59 3 130 79 4 131 96 132 24 5 133 134 135 99 75 136 30 137 61 138 139 6 140 33 34 104 141 93 142 107 38 53 39 40 41 43 69 143 46 144 11 12 47 14 49 145 146 94 147 50 148
13 3 192 23 24 5 186 30 6 193 46 11 50 127
1 129
29 1 3 4 260 5 26 336 275 261 240 187 8 262 93 53 246 83 277 337 278 11 94 51 113 338 339 183 121 340
3 10 113 177
22 212 3 24 5 27 98 99 91 6 36 243 265 39 43 10 182 144 11 13 51 189 118
18 128 20 150 3 130 22 131 5 200 99 32 142 107 110 12 47 50 163
43 58 128 20 234 59 254 258 3 79 317 184 260 23 74 5 27 99 238 136 61 63 32 65 8 243 37 413 310 108 38 53 83 45 10 69 249 300 173 211 286 94 76 50
0
50 89 128 2 258 3 22 184 131 24 5 27 99 438 75 202 136 30 400 414 91 491 80 6 101 32 64 34 103 104 93 9 107 108 408 53 246 83 492 269 69 249 11 12 13 47 493 49 94 57 50
17 128 2 3 130 235 96 23 5 27 99 32 8 9 10 143 11 48
0
11 20 3 22 242 9 245 43 12 49 112 50
27 20 264 3 131 97 99 171 75 203 91 6 33 284 35 9 107 108 40 492 45 68 11 47 14 94 76 611
21 212 235 192 4 366 634 90 5 134 26 75 240 91 103 35 293 83 11 47 166 94
0
14 2 3 130 79 165 24 5 186 30 68 143 12 49 76
62 89 128 2 129 20 212 199 3 79 22 184 23 90 24 5 133 201 186 99 151 75 276 241 204 6 101 140 32 242 103 533 207 8 104 141 105 153 244 107 53 245 83 40 41 42 43 109 110 193 69 143 46 72 11 12 47 49 211 266 94 50 51
27 18 3 22 24 5 133 27 99 151 136 6 32 33 284 8 9 107 66 53 83 42 109 278 11 12 49 94
23 128 2 20 3 24 5 201 27 99 136 6 101 140 32 9 108 159 40 11 12 47 416 49
5 39 43 782 86 351
25 150 79 96 27 151 80 152 153 108 83 40 42 44 109 154 72 13 48 94 76 51 118 121 15 155
36 212 213 22 90 5 99 151 91 101 214 152 102 103 104 106 81 107 108 215 83 216 42 68 12 217 166 112 94 51 113 218 219 220 84 221 222
91 58 89 149 169 2 20 150 59 3 79 165 22 184 96 23 90 5 186 27 336 99 171 158 136 30 63 6 383 101 140 32 152 64 33 34 102 242 103 207 105 106 81 243 153 37 9 294 244 107 108 38 66 159 39 40 42 43 44 109 45 68 110 193 209 69 71 143 182 278 46 72 144 11 13 217 47 210 14 48 111 49 250 167 145 112 266 94 76 50 51 368
9 89 3 235 27 265 108 42 68 50
70 89 149 169 212 3 79 165 22 184 131 96 132 23 90 5 200 27 98 99 171 151 75 158 91 80 6 101 103 172 8 243 93 9 108 38 215 83 40 247 41 44 109 68 154 209 69 182 46 72 11 12 13 217 14 48 173 49 167 211 286 112 94 51 348 115 219 84 15 16 437
21 149 18 3 165 96 91 80 172 265 153 108 38 40 42 109 13 48 167 211 50 16
40 149 90 200 214 83 51 370 113 669 809 302 795 1065 630 350 1090 678 189 117 118 712 539 224 762 177 121 168 160 594 15 353 1174 198 584 907 368 1059 392 55 222
1 76
37 18 2 19 3 4 165 88 23 5 27 99 6 32 33 172 35 8 36 9 159 83 41 68 193 70 46 11 13 14 48 173 112 94 331 51 114 332
34 89 3 79 22 170 90 24 91 80 6 284 172 106 81 153 37 108 38 53 83 40 345 346 11 12 48 167 266 94 51 113 219 15 222
109 58 95 149 18 179 2 129 20 227 212 59 3 79 235 165 22 289 184 157 170 131 96 23 5 200 26 27 151 406 137 203 63 138 80 101 557 32 152 233 570 64 33 242 187 103 172 207 8 104 197 105 106 81 243 265 153 37 93 9 294 244 66 53 577 83 40 492 41 42 67 578 109 45 10 110 154 269 209 69 71 143 182 579 278 46 72 11 12 217 47 296 210 14 111 166 49 250 167 286 112 94 147 57 50 114 163 224 121 584
59 91 92 37 534 328 94 436 391 896 114 514 651 302 218 951 795 660 769 1055 1056 605 303 1092 678 843 850 1165 537 933 84 743 712 980 643 446 540 588 906 892 168 501 353 464 907 462 368 1020 655 943 632 775 765 631 340 1033 802 125 1044 127
3 23 162 163
1 30
0
13 3 165 24 5 27 6 43 69 11 14 166 167 168
26 2 3 79 96 99 61 152 265 153 108 38 40 42 109 154 312 72 13 48 167 189 117 118 177 121 15
4 2 5 11 94
6 5 32 69 13 14 50
59 97 90 102 310 53 534 11 94 51 113 348 846 114 425 515 339 403 769 115 593 116 219 303 770 349 741 350 220 117 582 485 118 84 712 538 446 372 120 177 772 763 352 160 15 353 584 462 122 368 801 155 632 775 631 518 125 222 126 127
38 1 20 3 170 97 23 5 98 99 171 151 75 158 91 80 6 172 153 9 108 83 41 109 68 143 11 12 173 166 174 175 94 118 176 177 121 178 15
4 75 197 11 113
67 169 2 59 3 235 192 4 22 23 5 26 99 151 158 238 61 400 63 414 91 6 383 33 65 102 187 172 8 104 141 153 9 294 244 107 334 66 53 40 42 43 45 432 68 10 433 154 209 278 46 72 11 12 13 300 210 434 49 167 435 211 112 94 50 436 55 437
73 95 149 169 150 212 3 79 165 282 22 23 74 90 24 5 25 200 27 99 151 75 158 241 91 80 6 292 32 64 102 103 35 106 81 243 265 412 37 9 107 108 38 83 40 42 44 109 68 10 110 154 193 69 143 46 72 11 12 13 47 14 48 111 49 167 146 211 112 94 76 50 51 117
56 89 2 150 212 3 130 79 4 22 23 74 90 24 5 186 26 27 438 614 75 136 30 91 101 32 103 104 82 93 9 244 107 108 38 53 246 83 42 45 69 143 11 12 13 47 48 49 211 112 94 76 51 113 183 55 222
0
12 169 5 99 292 9 38 43 10 72 94 113 222
0
28 3 5 186 94 736 782 629 474 403 115 958 117 485 118 933 761 539 224 763 121 15 1007 122 776 841 125 127 779
62 3 100 102 103 534 436 370 688 348 896 846 114 425 115 957 580 593 116 303 770 535 805 220 965 445 367 899 148 1119 1101 1121 582 484 118 611 539 1103 224 446 710 177 529 772 763 1111 638 352 1058 462 663 123 368 124 943 753 765 518 757 777 55 125 126
19 19 99 91 6 64 180 8 9 108 181 159 68 182 12 112 51 113 183 55
16 11 94 51 113 114 425 593 183 485 118 119 120 594 15 125 126
1 127
72 212 59 258 3 79 22 96 23 5 133 26 27 99 151 75 503 241 359 91 80 101 32 152 64 102 242 103 35 424 36 106 153 412 9 294 244 107 108 38 83 40 337 68 110 193 209 69 72 144 11 12 13 111 49 167 211 112 94 76 50 51 688 689 515 116 349 183 118 690 691 124 692
5 80 113 394 119 372
4 5 214 284 53
0
5 3 130 5 144 11
24 2 3 4 184 381 5 430 28 136 358 32 308 8 262 82 9 107 108 53 83 312 11 12 51
24 2 3 165 5 25 27 80 6 35 8 265 9 11 14 94 51 113 183 117 118 224 594 15 584
0
0
1 5
0
59 89 2 129 258 3 79 325 23 90 24 5 25 200 26 27 99 151 261 202 136 60 30 679 91 80 292 383 205 33 34 102 242 172 424 104 265 9 108 53 83 42 109 10 154 269 69 182 11 12 13 47 49 145 94 76 50 51 189 680
10 170 5 75 195 8 196 197 11 76 198
6 235 184 131 8 53 11
4 3 5 8 183
9 170 5 75 136 284 11 94 113 198
5 230 117 177 121 15
3 39 43 257
42 20 3 235 96 24 5 134 291 410 80 411 6 205 64 33 103 172 104 105 153 412 413 108 66 83 247 42 193 11 12 13 296 210 48 49 211 94 76 51 189 121 155
24 128 20 3 5 134 406 137 414 6 140 32 207 415 105 215 322 43 72 11 12 416 14 145 147
8 4 88 5 8 9 193 48 387
15 20 150 3 22 131 74 24 64 104 141 42 109 248 384 49
2 20 43
4 3 12 296 51
15 19 20 3 235 170 5 186 26 75 136 8 53 143 46 11
10 3 235 5 186 6 32 36 40 144 198
1 20
27 89 3 23 5 186 27 171 151 63 383 32 207 8 153 294 40 43 45 278 46 144 11 210 49 112 51 86
5 186 105 244 278 55
7 170 6 11 14 51 168 15
6 3 24 91 230 11 94
1 8
4 90 108 83 222
47 128 169 150 225 59 644 264 3 645 22 184 381 132 405 201 151 60 283 63 508 411 545 233 64 34 207 141 153 482 107 408 216 43 45 68 209 71 13 217 458 250 385 646 94 387 57 55
3 150 68 49
4 3 66 216 94
1 982
26 97 90 91 102 310 11 94 76 51 113 403 350 117 118 84 119 177 121 168 352 198 462 122 125 222 126
9 76 348 403 168 775 765 518 125 127
3 302 678 933
24 98 102 230 310 94 76 51 391 113 514 219 961 350 582 118 84 119 121 352 15 353 368 155 392
5 5 39 43 224 55
27 5 186 310 13 768 302 1054 551 958 116 451 183 1115 148 117 86 394 761 351 178 352 15 750 198 777 55 758
1 226
2 302 55
3 25 228 229
3 136 30 277
16 400 348 474 651 630 678 445 117 118 121 15 353 221 464 670 222
0
9 3 5 99 91 9 11 49 94 163
1 233
42 150 225 232 3 79 132 378 380 23 5 133 283 241 140 242 36 141 108 38 39 40 43 45 68 110 248 11 12 217 568 458 49 211 57 50 51 115 116 148 118 537 519
0
74 89 212 258 3 79 192 4 22 184 185 131 74 90 5 25 200 26 27 291 99 171 75 158 240 61 203 138 91 292 101 32 152 64 102 103 207 104 106 81 243 265 82 293 93 9 294 244 108 53 246 295 40 42 110 193 69 143 182 46 72 11 12 13 47 296 14 111 49 211 286 94 76 51 55
2 297 163
28 3 79 357 5 27 283 358 359 360 292 33 141 243 108 38 246 247 41 278 11 300 14 48 173 167 112 94 361
57 58 128 234 59 254 258 3 299 4 317 184 131 260 90 24 5 135 171 75 240 61 63 241 358 463 33 34 65 102 104 243 413 244 108 38 53 246 40 109 45 68 154 69 71 72 249 11 12 173 211 286 112 94 361 50 367 464
6 3 5 99 75 466 163
35 258 3 235 4 22 184 260 5 25 26 27 238 467 195 101 284 187 8 104 243 82 93 9 244 107 108 53 246 69 46 249 11 14 49 94
57 2 19 3 79 235 4 165 88 213 170 131 23 5 25 26 27 99 431 75 136 91 80 6 101 32 233 102 284 103 8 104 262 36 197 82 9 108 38 53 40 10 69 345 46 72 249 11 13 14 48 211 112 94 76 50 51 121
36 2 19 234 130 22 369 23 5 186 27 171 151 383 233 64 33 207 589 104 105 153 294 244 38 66 159 109 68 10 193 143 144 11 47 210 55
24 89 3 22 23 5 133 26 91 80 6 103 106 81 244 83 40 42 69 46 72 11 12 13 94
47 149 150 3 130 79 22 131 96 23 74 90 24 5 99 171 75 238 30 241 32 64 33 34 242 82 93 107 246 83 40 42 43 44 109 45 110 69 182 11 13 47 14 49 211 94 50 51
4 184 6 312 14
5 93 328 659 660 379
35 2 212 59 3 79 132 90 24 5 200 27 158 91 80 6 8 36 153 108 38 53 41 10 182 278 72 11 13 210 48 173 94 76 519 127
71 2 150 212 234 59 685 3 130 235 165 22 184 131 23 90 24 5 26 27 99 151 261 239 136 203 466 63 414 241 91 80 6 292 214 32 233 64 242 8 104 105 81 93 9 108 38 66 53 246 83 40 41 42 109 68 10 143 278 72 144 11 12 13 47 296 14 211 112 94 76 51
7 3 5 8 9 53 41 376
38 19 129 59 3 4 165 96 23 5 186 27 171 151 158 63 80 383 64 242 207 153 294 107 108 159 45 68 10 209 143 278 46 217 210 112 94 163 55
0
6 35 105 66 253 48 49
2 252 105
10 3 79 4 90 5 6 32 69 11 122
4 5 186 256 55
0
0
53 212 3 235 259 4 22 131 260 23 90 5 25 26 27 261 158 240 91 80 6 101 32 187 103 8 262 197 82 93 244 107 108 38 53 246 83 40 42 109 193 69 182 11 12 14 49 112 94 76 51 219 222 126
0
35 3 79 235 22 131 74 90 5 26 99 240 136 91 32 35 104 82 93 9 244 108 53 83 109 110 72 11 12 13 47 49 211 376 112 94
25 212 3 170 5 336 75 136 6 32 284 8 262 197 66 53 246 83 249 11 14 166 266 94 51 198
0
1 94
2 3 36
54 149 2 3 79 288 235 165 23 90 24 5 27 99 30 241 80 6 32 152 33 103 172 8 104 36 9 244 108 53 83 40 41 42 109 154 193 69 46 72 11 12 13 48 49 167 211 112 266 94 50 51 302 189 177
26 3 22 5 27 98 75 136 91 80 6 36 197 83 44 72 11 14 166 112 94 51 219 119 121 122 126
88 95 149 18 169 179 2 19 129 150 212 234 3 235 4 165 22 96 23 90 24 5 133 25 200 26 27 98 99 171 151 158 240 203 241 91 80 6 101 32 205 152 64 34 242 103 172 8 104 36 105 106 81 265 82 93 9 107 108 38 83 40 41 42 44 109 110 154 193 69 143 182 46 72 144 11 12 13 47 14 48 173 111 49 211 112 266 50 51
4 202 269 270 55
13 130 24 186 28 137 491 105 505 193 143 183 163 55
86 97 310 534 736 780 329 689 391 629 768 348 846 338 425 910 302 339 218 403 115 551 593 116 581 303 451 770 797 349 183 350 379 784 77 667 117 582 485 118 933 84 761 226 712 839 539 817 224 446 372 583 120 177 991 763 178 773 168 516 352 15 501 353 464 584 938 462 122 487 787 1144 124 764 655 753 1145 519 16 55 1038 778 125 222 1146 126 127
3 186 76 163
2 30 273
1 8
23 1 3 131 24 5 133 26 275 276 91 6 103 93 38 277 43 154 278 11 49 183 189 118
24 3 130 24 5 186 27 336 6 32 8 105 93 107 108 53 344 40 42 69 72 11 47 49 51
2 32 47
33 3 22 131 90 27 99 275 75 91 6 101 32 205 152 284 242 103 104 153 82 93 9 244 107 108 44 154 69 182 278 11 14 112
0
2 43 11
18 235 192 281 4 260 5 26 98 240 8 244 53 246 40 11 49 211 76
37 258 3 306 79 235 192 4 22 184 131 97 260 5 26 99 28 240 307 32 308 103 309 8 81 82 310 108 53 40 154 311 312 69 11 12 167 313
40 149 3 79 165 22 184 96 23 90 24 5 27 291 99 158 136 307 91 80 284 103 172 35 36 153 108 38 40 109 154 46 72 11 12 13 48 49 167 94 76
20 2 3 5 27 141 9 215 68 458 94 57 436 371 483 484 485 486 15 487 127
11 212 90 5 261 75 91 11 166 94 51 15
32 19 258 79 235 165 88 27 438 75 60 30 283 6 32 8 105 618 153 38 577 40 45 68 70 71 72 167 211 51 113 155 55
11 3 235 22 5 27 136 6 8 153 9 53
23 89 3 22 90 5 99 400 284 187 103 424 36 83 40 110 69 143 11 12 13 49 94 84
12 212 79 289 99 265 290 39 11 12 94 76 51
31 2 3 288 235 4 170 90 24 5 75 158 91 6 32 64 284 103 172 8 323 93 107 290 324 11 12 49 112 94 50 222
33 212 3 288 22 289 23 24 5 27 99 75 91 6 32 102 172 8 9 108 38 43 109 324 46 72 11 12 13 211 112 266 94 50
5 282 200 47 429 15
37 19 212 3 130 235 96 90 24 5 186 26 27 99 241 80 6 32 103 172 8 265 9 108 38 109 10 154 193 143 144 11 13 49 211 175 112 51
12 258 3 235 192 4 260 5 26 240 83 11 76
30 3 235 192 4 184 132 369 23 5 26 614 75 240 6 36 153 413 244 108 159 40 43 68 69 182 47 173 49 113 121
6 3 5 75 94 76 77
27 3 235 170 24 5 200 26 27 98 261 136 80 205 102 103 197 108 53 83 69 11 173 166 286 112 94 51
0
2 5 8
9 59 5 171 238 63 45 71 300 50
8 59 5 171 238 63 45 71 50
6 192 143 12 302 303 168
256 400 759 780 790 370 738 836 807 944 689 842 856 857 371 864 884 348 889 808 894 114 945 669 908 515 809 810 919 811 924 946 947 733 339 948 949 950 951 795 952 403 760 660 953 769 796 954 866 955 956 957 958 959 580 630 960 740 116 605 931 961 962 303 858 855 791 963 183 837 964 741 379 965 966 163 678 784 967 838 968 536 886 77 969 798 667 904 899 970 971 849 972 973 850 484 652 933 785 974 868 226 815 690 975 976 816 712 429 977 978 979 934 611 980 539 981 547 817 982 840 983 540 984 985 583 860 986 818 935 270 588 799 987 988 762 820 989 990 906 991 992 993 772 994 763 995 121 996 892 746 997 734 998 800 936 691 822 871 999 747 638 486 895 1000 792 1001 1002 1003 160 594 653 1004 1005 1006 501 823 1007 1008 198 1009 1010 1011 938 654 1012 907 1013 793 1014 824 874 1015 1016 487 787 1017 1018 1019 922 1020 1021 764 655 656 1022 801 752 1023 943 753 155 1024 1025 827 1026 852 1027 1028 829 670 1029 495 765 1030 831 844 794 756 1031 1032 1033 832 757 1034 1035 845 802 1036 887 1037 1038 833 1039 916 778 1040 1041 853 1042 834 1043 1044 779 1045 1046 835
8 310 302 551 681 86 122 631 777
4 305 12 111 126
0
0
2 381 482
1 187
36 179 2 3 282 184 131 97 5 27 99 171 239 241 91 80 31 195 101 32 33 102 8 106 108 245 595 290 69 46 11 14 48 173 167 596 94
20 90 6 43 11 94 113 219 183 350 118 84 119 168 352 15 198 368 125 222 126
1 422
1 53
0
7 3 172 83 11 76 113 183
0
0
11 59 131 5 135 238 240 61 63 65 249 55
3 38 144 55
4 108 53 94 163
5 136 195 205 112 50
4 170 5 197 94
1 5
12 5 75 8 53 14 113 605 219 379 118 119 198
39 89 212 3 289 23 90 24 5 27 99 75 158 136 91 80 6 205 284 103 172 35 9 107 108 290 40 42 43 71 72 11 12 13 49 112 94 50 219 394
62 150 3 130 79 192 184 157 131 96 326 23 74 90 24 5 186 26 99 275 241 91 6 292 32 33 34 102 327 8 104 106 81 265 244 108 38 53 83 40 228 43 109 45 10 193 143 11 12 13 47 14 173 328 49 211 94 76 50 51 329 118 124
30 3 79 165 325 96 23 5 27 241 6 32 33 104 38 40 109 10 110 193 143 46 11 12 13 47 49 211 76 50 51
0
3 246 168 160
0
6 281 184 307 293 107 312
7 3 80 6 9 108 173 394
8 157 5 8 107 43 70 143 14
2 6 334
30 89 3 184 333 90 5 421 171 158 91 6 34 102 172 8 389 41 68 10 154 69 345 11 12 49 50 51 160 55 127
18 95 3 23 5 186 27 80 6 32 35 53 11 13 166 49 94 77 121
0
49 212 3 22 131 23 90 24 5 25 26 27 99 136 91 80 6 102 8 105 153 82 93 9 108 53 246 83 40 322 42 109 68 182 11 12 13 49 94 51 338 669 219 163 537 584 670 340 222 437
54 131 93 310 534 337 94 76 736 436 329 391 113 348 846 114 425 514 515 403 769 115 219 303 349 117 582 485 118 84 119 224 446 120 177 772 786 121 168 516 352 594 15 353 198 584 462 122 155 519 55 125 222 126 127
84 3 79 97 5 283 230 11 12 111 49 94 76 51 436 738 329 689 348 890 114 425 515 302 1047 769 551 929 593 931 303 483 770 791 349 741 805 77 899 148 117 582 485 118 933 86 761 712 839 611 912 224 446 351 120 177 529 763 178 936 168 748 352 15 464 774 907 462 122 368 124 764 914 495 765 831 844 794 802 519 16 125 222 1042 126
0
1 30
25 2 129 3 24 5 186 28 75 343 30 6 35 323 256 344 41 143 11 48 76 113 183 189 118 84
0
31 3 184 5 28 91 32 8 310 53 11 12 94 76 113 651 302 403 605 485 652 118 168 352 653 15 584 654 655 656 632 127
1 113
35 79 96 90 24 5 99 158 91 6 102 103 35 230 105 310 83 42 44 109 69 11 49 211 94 51 391 113 350 118 537 121 352 368 55 222
2 5 94
1 125
7 182 515 183 118 394 168 198
24 90 91 102 230 310 51 113 425 219 451 148 118 84 119 224 120 121 122 123 519 55 125 222 127
0
54 97 90 6 310 534 11 94 51 391 113 114 515 403 769 551 116 219 303 451 183 350 899 1121 117 118 84 119 224 710 120 121 178 168 486 516 15 353 198 584 462 123 368 124 632 755 392 518 777 16 55 778 125 222 126
28 97 90 98 91 94 391 768 515 218 219 220 678 771 117 118 84 121 168 352 160 462 155 632 775 392 125 222 127
10 4 5 26 28 355 293 9 53 11 76
0
6 4 5 6 8 249 113
0
0
9 132 5 75 6 172 424 53 11 266
3 8 53 11
11 258 3 24 5 358 91 106 11 94 76 51
6 3 74 5 108 14 94
1 163
1 192
20 129 366 90 5 136 80 6 141 322 11 217 266 76 113 367 118 198 368 55 126
0
6 2 739 303 183 485 753
1 189
6 370 371 220 372 373 55
61 97 369 5 400 684 76 736 436 113 371 348 739 302 795 115 796 699 303 797 546 183 220 798 117 118 84 226 119 539 224 446 799 762 120 177 529 121 178 800 168 15 584 373 462 122 123 655 801 155 775 756 518 757 802 777 55 803 125 222 126 127
8 348 739 302 115 445 177 198 127
0
12 3 436 370 348 115 1055 183 485 762 177 1050 655
14 3 235 260 5 26 75 240 8 83 11 14 375 94 51
1 374
4 4 131 260 5
1 30
6 32 233 105 14 303 379
38 53 246 436 846 514 515 302 660 769 116 219 349 350 163 678 813 117 652 118 712 224 799 120 892 168 638 160 594 15 198 774 462 368 752 893 519 778 127
3 5 172 11
0
12 3 23 5 186 27 171 6 9 42 143 72 11
8 3 23 5 35 83 109 11 183
18 234 4 23 5 200 186 27 99 203 9 108 109 69 72 146 94 76 50
16 2 3 184 23 8 9 108 38 215 43 45 10 70 650 166 94
6 3 5 186 30 6 387
5 88 202 602 458 57
7 3 79 5 336 244 11 113
3 5 158 113
14 90 158 91 6 103 310 154 11 48 94 113 114 219 123
8 94 183 741 118 353 123 854 222
22 90 6 534 391 113 846 1055 116 219 451 770 118 611 1138 224 446 897 745 352 155 518 222
23 3 235 165 97 5 27 99 171 80 6 153 9 53 41 154 312 11 12 266 94 394 177 121
0
2 343 81
9 3 4 170 131 260 5 8 11 94
1 398
24 3 90 5 397 75 158 91 522 6 548 230 262 197 310 108 11 166 94 76 51 113 219 119 222
18 19 194 212 192 88 5 186 26 400 6 401 7 38 43 384 402 403 148
0
5 5 399 186 7 402
20 17 87 156 704 199 321 363 399 186 705 26 75 60 401 706 707 600 504 708 148
16 3 5 474 302 593 183 771 189 117 118 611 539 372 177 15 125
4 129 5 186 30
17 3 4 22 30 406 407 34 172 108 408 215 40 217 296 48 173 55
35 1 149 3 22 184 96 90 24 5 405 26 336 99 438 6 284 103 35 207 197 105 243 265 108 109 10 154 182 11 12 13 14 48 167 94
11 3 79 4 5 405 26 28 136 32 144 11
13 1 20 150 3 5 405 406 137 197 105 11 48 177
1 11
18 3 5 200 75 91 35 108 53 40 11 94 76 51 113 183 118 198 222
15 149 200 158 307 241 205 265 244 38 290 68 11 14 49 266
63 89 212 258 3 79 165 184 131 132 23 90 24 5 25 200 27 99 75 136 359 91 6 101 33 65 103 172 35 8 106 265 153 82 37 93 9 108 38 53 246 83 534 247 626 109 154 69 143 182 278 72 11 13 210 48 167 94 76 51 485 168 55 127
33 3 184 74 90 5 200 99 240 91 6 103 35 294 310 108 83 534 40 43 11 12 210 14 94 51 113 349 189 118 198 632 125 222
13 2 3 5 25 201 27 171 137 32 205 505 506 163
11 3 90 24 5 91 103 172 40 46 14 94
12 19 3 22 5 201 137 521 8 108 38 11 147
1 418
0
2 53 11
38 258 3 306 79 235 192 281 4 22 184 131 97 260 5 26 99 28 240 307 32 308 103 309 8 81 82 310 108 53 40 154 311 312 69 11 12 167 313
6 3 27 80 334 46 113
9 281 136 8 10 14 266 94 423 163
1 114
24 3 132 24 27 359 6 35 8 265 42 43 109 193 182 72 144 11 12 47 14 49 94 287 51
27 310 629 515 451 349 805 189 148 117 118 84 839 224 120 177 15 517 198 462 122 123 124 632 777 125 222 126
1 427
0
1 163
10 3 5 99 302 961 183 77 445 118 168
6 234 5 30 144 11 217
12 1 3 235 5 26 240 102 242 246 11 76 379
29 19 3 22 5 27 99 171 441 158 91 6 557 8 37 108 41 42 44 109 110 154 46 72 11 12 13 14 266 94
3 5 32 11
2 3 11
0
14 89 186 283 76 329 739 483 485 762 763 654 764 765 127
11 318 132 186 99 171 153 9 38 337 10 12
2 14 163
2 88 440
1 75
2 83 11
1 6
1 26
2 445 55
110 444 1100 759 738 807 856 857 877 371 348 808 894 920 811 947 651 942 812 796 866 957 927 958 928 580 630 929 593 740 909 858 855 791 741 220 163 678 784 838 886 798 970 229 850 1101 582 484 118 537 814 868 1102 816 429 978 539 1103 547 817 982 984 985 583 762 991 1104 746 178 870 168 871 747 638 1000 748 1001 1002 1006 749 1009 1074 938 793 1105 1106 663 874 1016 1020 764 801 943 939 1026 828 754 670 831 832 845 1038 833 1107 1108 834 1044 1109 127 941 835
4 186 652 224 772
8 5 99 75 136 6 53 40 76
1 304
14 3 5 241 450 33 102 144 12 51 113 451 77 168 127
1 5
7 736 436 846 349 837 86 392
1 88
1 183
25 2 264 184 170 5 133 75 455 136 30 80 32 34 103 456 35 408 43 457 11 12 217 458 148 126
2 2 460
1 458
11 89 6 66 577 183 148 681 86 351 682 462
2 283 456
56 149 2 19 212 59 3 79 288 165 22 184 170 90 24 5 27 98 99 75 158 91 80 411 6 102 284 103 172 8 262 37 108 38 83 41 109 10 154 69 345 71 46 72 11 12 13 296 210 14 48 166 112 94 51 190 55
3 4 5 68
36 3 90 133 25 158 30 91 6 103 172 104 105 107 53 246 39 42 43 10 110 69 345 71 12 49 167 112 94 113 219 118 121 168 462 55 127
3 302 177 222
0
3 886 539 749
1 163
10 5 186 239 136 30 32 49 251 94 76
9 5 25 8 53 11 12 94 76 163
1 183
1 43
0
3 29 242 527
8 89 5 30 406 80 246 70 224
9 18 2 19 234 6 570 476 45 384
20 5 514 403 551 605 117 118 539 224 120 772 594 15 198 584 122 55 916 126 779
2 6 83
6 5 60 143 473 49 183
1 60
11 2 3 184 5 186 99 75 479 8 46 11
40 19 3 192 4 22 184 5 133 25 27 75 136 478 91 6 33 102 187 103 35 8 104 9 108 53 246 83 40 44 68 72 11 12 13 217 47 166 266 94 51
3 481 32 11
0
0
18 283 534 689 371 348 403 1072 116 741 539 762 177 763 774 487 764 753 55
48 2 283 100 6 534 736 436 861 113 348 425 302 403 115 630 593 451 855 770 183 445 582 484 485 118 394 839 611 539 762 177 906 763 121 178 168 638 486 15 584 462 122 123 765 1085 125 126 127
43 283 181 534 12 76 736 436 689 739 474 403 115 581 303 770 367 117 582 652 118 86 712 538 611 539 224 177 763 121 1111 168 516 594 15 750 751 198 462 487 852 777 841 127
30 97 391 425 515 302 605 303 117 485 118 712 119 539 224 177 786 121 638 352 160 594 15 198 584 462 122 368 778 125 127
35 283 6 9 108 534 736 738 689 302 593 581 303 805 784 667 117 485 118 933 712 538 446 177 763 821 168 15 1175 654 122 764 794 518 841 127
4 39 43 266 148
1 209
36 1 149 3 22 184 96 90 24 5 405 26 336 99 438 406 6 284 103 35 207 197 105 243 265 108 109 10 154 182 11 12 13 14 48 167 94
7 24 5 35 8 12 49 94
4 20 136 40 50
0
5 3 33 265 296 166
24 3 5 6 11 436 782 515 302 403 593 349 183 667 118 86 446 177 772 121 352 15 584 765 125
1 497
12 170 97 5 25 496 80 108 69 11 12 112 113
4 130 5 32 143
6 3 88 5 133 35 43
4 212 91 103 334
73 97 310 53 11 94 51 391 629 768 113 371 348 338 425 514 474 403 760 1054 769 115 593 581 219 349 183 805 678 771 189 681 117 582 118 761 712 224 446 372 270 177 772 121 168 486 516 352 160 594 1084 15 1007 517 198 677 462 122 1020 655 155 893 775 794 392 518 777 55 758 125 222 126 127 779
2 3 5
2 504 182
14 2 3 170 5 186 32 8 9 38 42 578 10 249 11
0
0
1 163
19 234 264 3 4 5 75 80 6 32 206 35 8 262 197 53 509 11 94 51
8 19 3 165 5 186 141 9 76
6 3 5 284 40 11 94
8 24 136 512 9 108 83 11 94
8 2 3 23 9 555 556 183 77
41 3 22 90 5 30 91 6 103 93 310 246 83 42 312 11 49 94 76 391 114 514 515 116 303 183 117 118 84 119 120 121 178 168 516 15 517 123 368 518 519 55
7 94 766 909 539 224 177 594
48 97 534 182 689 114 425 474 403 769 593 116 219 303 349 350 678 117 118 761 712 119 912 224 446 710 588 120 177 745 786 352 15 353 517 198 462 122 913 123 368 124 655 914 775 340 55 125 126
41 97 312 436 338 514 403 115 303 784 117 118 119 978 982 224 540 762 120 177 763 121 892 168 486 352 594 15 353 750 198 462 122 368 755 518 777 1126 125 222 126 127
10 425 514 116 303 86 352 594 15 464 123
4 927 177 763 777
33 97 80 100 534 44 76 113 348 425 551 116 350 220 1068 771 899 117 118 86 84 224 710 120 121 516 352 15 462 122 123 124 777 125
11 3 271 5 28 521 53 83 40 12 416 14
11 3 271 5 28 520 53 83 40 12 416 14
9 5 75 80 398 35 53 11 76 113
7 170 5 75 30 197 83 11
1 76
3 5 11 94
10 3 6 32 39 143 11 113 379 148 119
3 571 143 57
1 529
1 774
1 113
5 97 205 43 47 50
4 5 27 99 12
9 264 88 356 5 204 6 31 39 43
24 2 3 5 27 91 187 9 181 143 46 12 14 94 51 403 303 485 118 84 168 15 663 519 55
70 31 557 103 534 44 896 739 425 514 910 809 810 733 769 551 630 116 303 805 220 965 163 784 1068 189 536 367 899 117 582 118 537 84 761 839 611 539 981 982 224 177 529 786 178 871 352 594 15 353 517 1010 584 774 462 824 123 753 632 775 802 519 16 898 55 833 758 778 125 1044 126
27 186 400 113 474 302 812 403 630 303 183 117 118 224 177 121 486 594 1084 15 584 907 122 368 893 778 125 127
26 400 807 329 535 741 220 163 886 445 933 84 712 839 538 611 539 177 763 168 160 15 340 518 55 1085 127
21 736 689 846 605 303 379 678 189 117 712 539 762 772 745 168 895 15 487 368 841 127
113 534 684 11 94 51 436 391 629 768 113 587 864 890 896 846 114 908 1135 515 474 810 920 302 339 949 218 950 795 403 959 580 630 930 116 303 855 483 535 349 183 741 678 784 843 77 445 667 883 850 117 582 485 118 394 1102 743 712 538 611 224 840 446 372 897 762 177 989 906 745 121 178 998 773 168 999 638 594 1006 15 221 584 793 462 122 913 1016 368 1136 764 655 1022 752 943 155 1137 827 1026 852 755 775 765 631 844 518 802 16 898 778 125 222 1044 127 779
5 302 118 86 487 127
5 157 5 105 43 70
1 144
2 2 414
10 89 3 5 27 6 11 49 94 76 51
7 94 76 403 546 536 547 222
3 536 120 125
40 5 94 371 114 515 302 403 866 303 451 183 805 163 445 667 148 117 582 485 118 839 224 177 529 178 15 198 584 774 462 368 124 655 844 55 778 125 222 126 127
21 2 234 3 4 184 5 336 75 6 32 33 35 8 108 549 109 278 249 11 12 48
1 557
4 5 35 551 183
57 97 400 310 861 113 348 890 846 739 425 302 812 403 929 219 1067 303 909 535 183 1068 843 148 681 117 485 118 933 86 539 224 540 710 1069 177 993 772 121 747 486 516 352 594 15 749 464 198 1010 462 1070 122 1024 1060 777 125 126 127
2 149 104
2 19 5
2 38 76
0
0
14 3 184 5 99 80 558 6 64 153 159 42 45 432 535
0
2 3 5
0
0
2 2 3
1 43
3 5 37 11
6 235 399 307 7 104 12
2 163 126
2 80 166
6 4 260 5 205 144 11
14 19 150 3 4 5 186 75 136 34 9 11 49 76 113
3 91 187 11
1 527
6 5 133 186 6 43 121
1 186
14 89 3 79 5 91 6 35 38 39 43 46 11 94 51
5 5 34 284 11 49
6 5 575 34 284 11 49
0
83 1 58 89 128 18 179 2 231 3 184 157 131 377 5 396 201 98 171 239 478 671 466 502 241 491 80 407 558 6 450 31 401 541 195 101 557 32 7 233 572 33 672 472 617 207 36 196 197 243 37 9 635 107 38 408 504 53 245 595 290 39 562 45 10 209 69 70 673 143 11 416 14 173 596 286 112 94 331 147 674 163 675 332
94 149 18 19 212 258 3 79 4 165 22 184 96 381 23 74 90 24 5 25 200 26 27 98 99 171 151 28 75 240 136 30 241 91 80 6 32 205 152 64 34 102 242 187 103 172 104 262 36 106 81 265 153 82 93 9 244 310 108 38 159 83 39 40 41 42 43 44 109 110 154 193 69 71 182 46 72 11 12 13 47 14 111 49 167 146 211 286 112 266 94 76 50 51 219
30 93 738 302 218 403 593 183 805 445 883 582 652 118 1075 839 611 539 982 177 178 594 15 462 487 368 753 844 55 778 127
6 97 403 115 485 118 594
11 302 445 118 224 121 178 1000 462 368 777 1109
14 738 733 302 218 855 1057 964 445 270 869 487 55 833 835
27 308 370 114 515 474 302 660 115 699 678 117 118 588 177 168 352 594 15 353 462 913 123 632 778 125 126 127
2 43 163
17 89 3 5 91 81 9 43 11 113 587 219 118 446 588 123 124 126
2 183 394
0
3 132 242 190
1 591
1 26
1 51
31 782 688 329 689 113 348 425 515 339 303 349 805 485 118 86 394 761 611 224 446 177 178 168 15 462 122 368 519 55 758 126
23 9 94 736 766 768 514 302 699 379 117 582 118 119 539 224 486 516 15 198 462 368 893 778
4 136 30 32 47
16 89 235 5 133 99 91 6 242 8 43 578 69 46 11 49 76
2 60 55
8 129 130 24 5 186 32 12 49
3 8 310 76
4 5 441 39 57
5 149 5 186 6 49
2 387 57
7 2 3 130 5 30 43 163
1 76
96 3 97 90 24 75 101 8 83 534 40 312 249 11 94 51 736 436 780 329 391 113 348 846 114 338 425 514 515 474 302 403 660 769 116 219 303 451 858 855 349 741 350 379 220 678 784 771 117 485 652 118 86 84 761 743 119 538 539 224 351 762 120 177 529 772 1083 786 121 892 178 168 160 594 1084 15 353 198 584 774 654 793 462 122 1018 655 1026 755 765 518 519 55 1085 778 125 222 126
0
16 3 79 165 5 186 99 108 66 109 154 11 13 49 266 94 51
1 12
6 5 186 8 256 9 610
4 5 186 8 609
3 957 1133 895
0
0
0
0
0
0
3 99 91 104
3 3 11 51
0
4 30 9 143 77
0
13 89 3 22 481 131 90 5 27 32 105 93 108 42
40 149 150 3 130 165 22 96 23 90 24 5 26 27 99 158 80 103 172 8 105 81 9 108 38 83 42 43 10 154 11 12 13 48 49 211 94 76 51 113 15
13 149 5 99 541 105 154 70 11 210 166 266 94 121
12 3 5 36 9 108 41 46 48 211 94 113 77
3 10 11 94
1 163
7 113 425 115 843 15 122 55
1 221
26 170 97 6 214 37 310 684 182 94 391 629 861 425 809 303 451 349 350 118 168 160 15 123 777 125 126
41 97 90 91 102 323 230 310 108 83 534 11 94 76 113 425 593 219 349 183 350 678 117 118 84 119 446 710 177 121 168 352 160 15 353 198 584 122 777 125 222 126
3 131 93 246
0
1 5
3 260 26 532
7 97 23 8 109 77 120 638
58 230 736 370 807 329 587 881 348 114 865 515 918 811 302 795 956 1076 593 740 855 183 741 379 771 445 667 850 117 582 484 652 118 712 611 818 177 763 121 892 178 822 486 15 655 656 752 943 827 829 765 844 794 756 802 898 55 1108 127
1 165
6 192 4 260 5 38 224
1 94
3 11 643 632
14 310 642 83 11 12 94 219 117 118 121 352 353 632 1034
0
0
4 22 152 9 215
1 163
8 2 130 186 30 64 649 505 144
0
8 130 5 6 38 53 562 44 117
52 97 400 877 113 808 908 920 811 302 926 403 866 927 928 630 929 593 930 867 931 932 349 163 678 445 849 229 117 118 933 814 934 539 935 177 936 937 895 160 15 221 938 917 787 939 826 852 670 775 940 834 941
11 400 310 40 451 536 539 446 772 168 127 779
55 3 271 97 283 181 736 391 113 114 425 302 403 769 219 303 451 770 349 805 667 117 485 118 933 86 761 712 539 224 372 177 763 121 178 168 747 486 516 352 160 15 353 198 584 774 793 462 368 1168 55 125 222 1044 126 127
30 283 9 108 53 12 736 436 348 739 302 339 403 115 1072 303 183 77 485 539 177 772 763 121 821 160 353 487 764 518 758
11 736 370 348 958 183 189 117 539 177 756 802
1 302
1 4
4 11 329 379 77
6 52 5 8 246 11 118
123 98 283 400 100 310 181 11 328 286 50 736 436 738 329 391 113 881 348 846 114 338 425 514 515 651 302 339 218 812 950 952 403 1054 769 115 551 1055 1056 219 303 451 858 855 483 770 963 1057 932 349 741 379 220 965 163 678 838 886 367 667 850 117 484 485 652 118 537 742 743 712 538 539 547 224 446 588 762 120 177 993 763 892 773 168 747 638 486 895 792 516 352 1001 1003 160 594 15 353 1058 198 584 654 122 874 1018 1059 655 656 801 753 852 755 775 765 631 1060 1033 802 1061 778 125 222 1044 126 127
7 3 170 5 8 197 53 246
2 5 11
11 534 514 957 928 770 189 445 177 178 757 55
3 381 307 344
1 144
11 235 90 5 27 6 8 40 69 143 12 14
5 302 539 168 486 775
6 128 283 233 207 141 57
8 337 790 302 791 839 906 772 907
13 302 551 445 667 86 761 224 351 772 792 15 221 655
0
0
4 88 5 48 15
8 3 5 8 578 11 76 113 121
67 1 17 58 89 128 231 234 3 157 356 377 5 396 201 186 98 171 478 671 61 466 502 491 80 407 558 6 450 401 541 557 7 672 472 617 35 207 8 36 196 197 106 243 37 9 107 408 504 562 578 45 10 209 70 673 278 11 416 14 48 376 286 112 331 147 76 332
0
24 68 348 846 114 514 733 403 760 551 957 930 1086 220 84 868 762 177 786 773 501 1175 584 938 844
91 101 436 766 807 739 945 669 908 515 809 920 811 651 302 949 950 926 403 660 1054 847 866 956 1055 927 929 867 605 303 349 183 220 163 784 771 849 229 117 1094 118 712 538 539 547 817 446 985 588 992 772 746 773 870 936 691 168 895 748 160 15 501 353 221 584 1074 938 917 462 1050 368 655 1022 801 752 939 155 827 852 775 765 844 794 1034 802 55 1095 916 1041 834 1044 127
0
0
41 283 400 457 759 807 857 1120 808 810 812 1054 551 866 955 927 928 630 930 867 909 791 797 932 229 814 868 978 993 892 869 870 871 747 516 501 1010 874 1018 831 1060 835
2 900 902
2 192 97
24 3 4 5 75 80 6 8 11 14 51 370 425 474 219 303 349 117 539 120 168 464 122 125 126
0
4 381 133 242 10
5 263 32 94 76 55
44 97 738 689 113 348 114 515 809 218 795 593 116 183 837 805 220 163 838 77 582 118 712 839 611 224 840 446 177 178 168 638 486 352 15 774 462 122 155 755 55 841 778 125 127
70 97 90 101 103 53 246 182 782 688 113 587 348 846 114 739 425 515 302 339 218 795 847 630 848 593 219 303 483 535 349 805 379 148 849 850 485 118 86 394 839 538 611 840 446 372 762 120 177 772 745 851 121 168 516 353 123 487 368 124 753 852 692 765 518 802 519 841 222 853 126
0
4 302 177 221 462
7 689 451 183 805 118 829 778
1 143
11 2 3 5 91 152 81 278 11 210 112 94
1 77
10 2 3 4 5 441 6 33 8 108 76
1 4
6 5 80 6 43 10 94
10 370 514 593 303 86 594 353 198 584 368
2 163 189
4 5 186 11 76
15 2 3 79 165 23 74 5 136 91 6 102 35 108 11 94
4 186 14 331 183
0
0
0
0
0
5 24 5 35 505 11
0
1 133
22 534 736 302 339 115 303 77 118 933 224 177 772 763 168 352 160 15 353 155 55 1131 127
6 3 132 5 9 43 10
2 200 108
8 3 98 140 205 533 83 76 222
9 130 192 74 32 143 11 12 76 113
1 400
1 76
2 5 14
1 192
4 186 136 53 183
21 212 234 3 79 184 74 5 133 26 91 6 284 108 40 46 11 14 94 51 183 222
5 3 5 8 11 51
1 4
3 58 4 49
2 613 49
0
6 315 213 5 187 107 94
1 233
5 184 97 5 307 302
1 130
5 733 302 183 734 198
2 302 183
9 733 302 183 77 529 15 198 793 462
2 183 710
72 100 310 534 76 436 737 370 738 329 629 587 348 114 739 338 425 514 403 115 593 740 116 451 483 741 379 189 667 117 582 484 485 118 86 742 84 226 743 744 119 611 224 372 177 745 746 168 747 748 594 15 749 750 751 198 654 122 487 368 655 752 753 754 755 756 518 757 519 55 758 126 127
11 736 784 785 86 224 786 584 787 655 788 758
69 97 186 736 759 688 807 329 348 808 809 810 811 302 812 795 769 580 630 593 740 303 791 797 183 741 813 582 118 814 815 816 611 817 224 818 588 819 762 820 821 822 168 638 792 823 774 793 462 824 487 368 124 825 655 801 826 827 828 829 830 831 832 802 519 833 834 126 127 835
10 80 629 113 483 183 372 710 764 753 758
53 3 97 5 186 100 6 9 159 11 76 736 738 329 113 348 338 425 302 403 115 219 303 770 349 183 350 189 445 148 117 118 86 712 119 839 224 446 351 763 121 15 198 122 123 368 155 755 777 55 778 125 222 126
54 6 736 738 391 113 739 425 302 339 403 660 551 781 605 770 183 379 445 667 117 118 537 933 539 224 762 177 763 121 178 773 168 638 516 15 353 198 584 774 462 764 655 801 753 155 755 775 844 777 55 778 222 127 835
33 534 736 329 114 338 514 302 403 660 551 593 581 183 117 582 118 86 119 224 372 177 121 352 594 1084 15 198 462 122 368 518 55 127
2 100 772
13 100 736 846 451 837 1090 539 897 762 1091 773 1106 758
25 72 736 425 515 593 303 483 770 349 183 77 117 582 118 839 538 539 121 178 15 55 778 222 126 127
53 400 736 436 370 348 846 114 425 302 339 115 781 349 741 678 77 445 148 117 582 485 118 86 761 119 539 224 177 989 529 121 747 160 464 1058 750 774 462 122 487 368 155 755 765 518 519 16 55 758 125 222 1109 126
41 230 329 113 903 425 474 302 403 551 958 770 183 350 163 445 148 681 117 118 539 224 710 351 177 772 121 168 895 15 353 462 122 487 368 155 1037 55 125 222 126 127
23 186 329 689 302 795 660 769 593 183 741 379 678 77 445 899 582 839 224 772 178 1006 198 844
17 64 736 370 391 760 928 580 303 535 183 189 229 484 537 539 177 870
4 224 372 516 777
22 97 736 329 768 338 515 474 403 593 189 117 485 118 394 539 224 177 594 15 584 125 127
34 9 312 736 113 348 515 302 218 403 1055 770 183 379 678 536 117 485 118 539 224 372 177 121 892 638 486 594 15 198 122 55 758 125 127
9 3 186 32 739 302 367 611 772 462
14 736 436 391 371 739 115 445 582 537 177 763 121 178 764
5 516 15 518 1150 779
30 736 370 348 302 795 781 593 183 379 77 798 582 118 761 712 839 224 177 772 121 178 638 486 594 462 122 368 655 829 127
11 736 739 924 302 183 189 536 667 224 178 594
1 462
7 738 403 760 445 681 761 224
9 5 186 9 181 593 15 198 487 55
3 394 224 462
30 738 846 302 403 115 189 77 445 667 117 933 611 539 897 177 763 786 773 168 999 352 15 462 775 631 55 841 125 126 127
42 283 736 436 857 348 302 403 115 958 1072 740 483 741 367 798 485 118 537 933 761 712 611 224 987 762 177 168 638 160 15 487 1018 764 655 753 775 518 777 55 841 125 127
17 436 371 739 302 115 1072 483 183 445 1117 933 270 763 654 487 55 835
6 782 348 812 367 177 178
74 3 97 90 24 5 186 33 310 83 143 11 94 76 51 736 391 629 767 768 113 338 425 514 302 403 769 115 219 770 349 183 771 189 667 117 485 118 84 712 539 224 446 372 120 177 772 121 178 773 168 516 594 15 353 221 198 584 774 462 122 368 655 775 518 776 777 55 758 778 125 222 126 127 779
11 230 113 118 394 224 177 15 198 122 863 758
2 629 177
6 534 302 117 118 772 168
5 514 551 15 777 519
10 425 403 678 117 118 121 15 353 777 222
18 5 782 348 846 403 1054 115 551 117 582 652 118 86 224 121 122 368 126
0
1 529
19 129 5 9 94 76 51 736 183 350 667 118 539 177 800 168 486 584 125 127
13 183 189 117 394 177 892 15 198 907 631 1060 126 127
32 97 100 534 44 76 113 348 425 551 116 350 220 1068 771 899 117 118 86 84 224 710 120 121 516 352 15 462 122 123 124 519 125
49 97 310 53 534 11 736 768 864 114 739 514 515 302 660 769 219 303 379 667 117 485 118 84 539 224 177 121 892 168 486 352 160 594 15 353 198 584 774 462 1020 655 155 893 775 777 125 222 126 127
45 97 100 323 310 766 689 629 739 425 474 651 302 339 403 115 551 1079 219 909 770 741 350 117 582 652 118 86 839 539 224 372 177 772 516 594 15 353 198 368 124 753 758 125 222 127
4 302 781 529 774
0
12 113 348 403 593 118 86 224 352 783 122 125 126
17 782 768 113 515 339 551 678 771 189 117 118 224 540 772 15 122 126
47 400 534 436 737 629 768 881 809 302 795 403 1055 605 909 770 379 163 678 771 445 1096 148 850 117 118 86 538 611 539 540 351 762 786 516 15 783 373 462 1016 487 656 852 755 802 55 841 1044
43 186 400 181 534 737 903 425 515 952 403 551 630 1122 961 858 770 535 183 741 667 117 118 86 817 120 772 892 168 638 594 15 198 462 122 368 755 875 794 802 55 125 126 127
66 26 230 736 436 782 737 807 689 629 348 846 338 425 908 515 403 660 866 927 1072 581 605 219 770 535 350 163 784 117 485 118 761 712 539 224 446 935 1069 897 762 177 992 121 178 773 691 516 594 15 353 677 373 793 462 122 943 829 670 755 775 802 777 16 55 222 127
69 2 90 28 158 400 91 310 83 11 166 94 76 51 436 737 391 113 587 425 515 302 339 951 403 115 593 219 451 183 350 784 189 77 148 117 484 485 118 86 394 761 224 270 177 786 121 168 352 160 15 353 221 198 584 654 462 123 368 752 155 844 519 16 55 758 125 222 126 127
4 737 86 351 1155
2 678 117
23 736 689 587 669 302 218 630 791 183 741 189 667 539 529 121 747 792 198 793 462 368 794 55
70 400 76 736 436 790 738 329 391 768 587 808 338 425 514 515 302 339 812 403 551 630 1072 867 535 183 805 784 771 189 445 681 117 582 485 118 86 394 761 539 224 446 372 177 772 121 178 168 747 748 516 594 15 198 584 654 462 122 487 368 124 155 755 844 802 55 758 125 222 126 127
12 738 733 302 593 163 445 582 763 870 922 55 127
6 302 77 445 118 372 55
32 736 790 738 808 514 733 302 593 303 855 678 667 485 118 933 975 539 772 763 168 792 501 749 1010 1186 774 793 487 801 518 1033 778
0
0
6 782 738 681 270 177 15
18 46 515 302 958 593 740 183 189 445 667 933 712 538 892 168 751 764 55
13 370 769 593 581 855 784 667 148 168 487 368 841 127
39 97 369 684 94 76 51 736 370 113 371 348 425 302 403 115 303 183 1160 117 118 224 446 799 762 177 178 486 594 15 584 373 155 756 55 803 125 222 126 127
48 3 14 736 370 738 811 302 952 403 660 115 551 593 581 303 770 797 349 183 741 678 445 667 883 1119 117 485 118 933 761 712 539 224 177 178 168 160 15 584 774 462 487 368 764 775 794 125 127
69 89 3 79 22 74 27 91 104 9 310 108 12 94 51 436 329 113 587 864 348 114 515 809 302 795 593 116 219 303 451 183 350 678 838 77 798 667 582 652 118 933 84 712 429 611 224 446 762 177 786 121 178 168 352 160 15 353 198 462 123 368 775 519 55 841 125 222 126 127
14 53 76 736 370 391 113 183 118 226 119 594 198 368 757
4 805 806 198 758
6 425 451 582 118 224 178
1 806
34 400 790 738 842 587 302 781 593 183 741 163 678 843 77 445 667 681 582 118 537 86 224 710 177 638 15 793 462 368 829 844 845 222 834
14 782 738 733 593 183 445 582 118 539 177 763 221 55 758
18 3 90 9 534 11 688 403 303 183 118 540 177 121 168 464 462 487 631
17 782 738 551 593 867 183 678 667 485 394 761 539 177 15 221 917 852
28 782 738 856 857 808 302 630 678 445 667 883 849 229 582 537 818 762 869 870 168 638 221 487 922 828 670 518 55
20 534 94 738 879 474 551 303 837 189 445 681 117 118 935 177 772 121 1050 487 55
0
12 738 593 189 667 681 177 168 15 221 487 368 55
8 738 587 302 183 117 394 761 758
3 77 445 487
5 738 733 302 445 667
16 782 738 811 733 302 581 183 189 77 445 667 820 529 638 793 487
0
18 400 738 688 809 733 302 115 1055 593 1057 445 798 667 868 934 818 462 829
8 736 738 712 224 654 487 655 794
9 738 302 218 855 582 86 177 906 178
6 422 910 733 302 189 127
9 738 302 218 183 77 868 817 994 1126
5 738 733 302 117 487
31 738 587 808 920 930 858 483 770 183 678 445 681 117 582 934 539 817 224 987 177 870 937 15 221 462 368 1205 830 55 127 835
17 436 738 425 302 593 349 379 678 117 611 539 772 198 1016 765 898 55
13 782 738 857 811 183 678 445 229 168 871 638 487 55
103 400 310 534 736 436 790 370 738 807 689 768 348 846 425 515 809 919 811 302 339 218 403 769 115 551 630 1072 1081 303 451 855 770 349 837 741 805 1068 771 838 899 148 1119 117 582 485 118 933 86 761 743 839 934 611 539 1103 224 840 446 818 351 762 177 820 991 772 786 121 892 178 1111 747 352 15 501 464 750 1009 584 774 907 824 913 487 655 943 753 155 755 775 495 692 765 631 844 392 756 518 757 1034 55 758 778 127
24 738 329 689 733 1049 769 630 593 183 445 798 118 743 224 772 178 1084 15 1173 1009 774 753 826 844
14 782 738 302 551 163 445 1117 681 652 86 224 15 487 55
16 186 738 733 302 781 858 855 189 445 667 817 583 869 825 794 835
16 5 186 76 738 587 733 302 781 593 183 189 445 117 177 462 368
8 738 302 445 224 772 221 487 55
8 738 733 302 183 445 667 681 55
1 302
3 782 667 177
6 302 795 77 445 118 802
26 896 846 425 403 769 115 116 451 855 535 805 117 582 485 118 611 224 446 177 178 462 123 368 765 518 777
2 115 394
16 534 689 593 303 148 485 538 224 762 177 763 168 464 487 368 127
5 302 855 183 117 394
2 118 55
60 782 807 689 371 884 348 890 846 669 947 733 302 795 403 580 630 593 303 855 183 805 163 678 771 77 148 1167 117 582 118 1102 743 712 839 538 611 539 1103 547 224 446 351 177 906 772 1104 178 638 748 15 464 462 368 124 827 1026 765 1034 1108 876
13 782 807 113 302 630 183 965 445 118 84 121 773 368
8 451 394 611 539 897 762 773 55
0
14 101 182 688 689 515 593 451 349 183 805 118 177 692 778
8 534 782 302 183 667 118 86 221
21 689 768 587 474 302 403 183 189 536 445 117 118 761 224 372 710 177 15 750 751 198
2 183 764
30 436 782 515 810 403 769 956 1055 349 183 678 784 771 77 117 582 118 539 224 446 762 177 1149 462 368 765 802 777 125 127
0
0
0
30 97 534 736 329 857 808 425 809 811 302 858 483 183 805 445 859 117 582 224 583 860 351 177 772 168 486 368 753 828 833
42 418 283 557 457 714 436 629 856 864 865 739 302 866 781 867 303 451 483 805 220 445 681 652 868 763 869 870 871 872 792 748 15 873 122 874 828 670 875 55 758 876 127
11 856 302 1048 403 866 183 77 445 224 583 55
14 520 534 856 768 816 224 351 177 15 519 16 1038 127 941
12 310 856 302 115 485 118 177 1111 15 751 758 127
30 97 90 6 37 310 534 11 266 51 768 113 425 551 219 303 770 118 761 224 120 168 352 15 198 632 631 519 758 222 126
3 189 224 198
20 329 767 768 113 425 593 219 770 183 118 224 710 177 352 594 15 198 758 125 222
28 534 768 739 425 302 339 770 535 183 805 536 883 118 761 539 351 762 177 529 763 121 15 198 764 55 758 778 127
0
9 76 738 183 445 681 772 221 198 55
38 5 100 312 736 857 739 425 810 950 551 958 928 1072 791 183 678 681 117 582 485 118 761 224 710 772 121 869 870 871 594 15 221 198 764 777 519 55 127
25 132 400 359 857 948 952 953 956 959 630 882 855 220 681 1121 974 984 799 177 993 998 1030 1060 1039 1126
30 736 857 425 811 733 115 928 593 867 183 667 681 117 118 86 744 224 583 177 772 121 1157 15 751 198 654 368 777 55 127
4 445 681 1018 55
12 782 857 733 302 303 445 667 681 118 446 987 529
3 857 733 753
3 738 857 733
33 689 857 865 669 515 919 733 302 1197 951 660 866 630 855 741 163 678 77 445 681 118 991 993 892 792 1003 823 198 584 938 774 487 55
12 857 425 593 183 189 582 118 785 761 224 446 177
9 857 903 339 372 120 177 772 15 844
11 425 403 183 678 771 445 117 224 15 221 55
2 192 77
13 186 534 302 349 183 667 761 762 177 178 15 462 127
2 183 368
8 186 739 218 882 183 118 15 778
4 881 302 77 462
21 759 864 911 811 733 760 957 928 580 229 820 638 15 221 793 874 764 801 939 1046 835
33 151 100 230 436 114 338 302 339 403 593 303 451 163 77 117 118 86 394 446 177 121 178 594 15 584 774 462 122 764 802 758 125 222
7 366 534 183 886 485 118 887
5 445 177 832 845 55
18 689 587 885 733 302 950 115 699 163 189 652 178 1003 584 368 1018 222 127
7 782 881 302 379 77 372 351
1 183
24 534 782 846 425 891 812 551 303 770 183 148 117 118 539 224 351 177 892 352 594 15 893 55 126
8 403 770 932 118 539 594 15 127
79 400 53 534 436 629 348 846 114 338 425 514 515 302 948 403 660 115 699 593 219 303 770 349 183 741 379 536 148 681 117 485 118 785 86 712 119 978 538 224 446 935 351 177 993 772 121 691 168 638 516 352 160 594 1004 1006 15 464 198 584 774 462 122 874 368 1018 124 1020 752 755 775 765 518 777 16 55 758 778 125 127
8 846 514 930 539 177 594 778 125
19 534 812 403 183 163 445 117 582 118 839 538 224 177 121 178 895 15 155 127
16 736 436 371 302 795 660 303 678 118 538 539 983 762 763 1111 487
49 81 736 436 629 348 846 739 425 515 403 115 593 116 219 303 451 770 535 349 837 805 220 117 582 118 84 539 446 897 177 772 178 516 160 15 198 584 462 123 368 124 753 518 777 898 55 758 125 126
12 534 846 760 1055 116 611 539 446 762 745 773 516
11 534 896 949 581 303 855 535 539 762 753 827
10 782 474 403 593 77 118 539 177 15 752
2 901 902
0
1 900
17 400 403 183 904 117 118 86 761 224 772 747 15 198 122 368 55 876
18 903 425 812 769 551 770 183 163 117 118 86 224 1111 15 198 368 1112 758
3 733 302 183
0
6 302 403 593 667 486 594
15 97 5 310 312 768 302 795 593 183 224 372 594 15 122 55
40 5 186 100 6 35 181 53 11 436 391 474 403 760 1054 551 770 183 445 667 681 118 712 611 224 710 177 121 486 594 15 353 198 122 368 755 519 55 125 222 779
4 805 823 758 125
1 183
0
44 97 310 329 1196 846 425 515 218 403 116 303 771 148 1121 117 118 86 394 539 224 446 351 120 177 772 121 178 773 486 15 1172 1007 198 584 774 907 122 368 124 655 939 755 519 55
0
11 97 5 8 310 53 312 861 425 118 15 198
5 117 539 710 177 486
12 782 808 535 183 678 681 117 394 761 539 177 221
3 97 593 220
3 302 77 198
6 921 678 539 221 123 55
4 339 183 189 774
3 733 302 1089
1 15
9 733 183 189 667 224 177 121 15 16
3 733 163 189
12 451 183 678 189 118 712 710 177 121 168 221 368
87 97 400 214 323 310 736 689 391 879 587 846 739 425 514 515 651 302 339 812 403 760 1054 115 551 958 593 1072 303 483 770 535 349 183 678 784 189 445 667 117 582 118 933 1073 84 761 712 538 539 224 446 372 897 762 120 177 763 786 178 870 168 747 486 516 352 594 15 221 584 1074 462 122 487 655 155 755 765 631 1060 518 777 16 55 758 125 222 126 127
13 593 183 886 445 681 582 394 982 869 198 368 55 127
39 186 53 370 689 114 425 651 339 403 551 678 843 445 117 582 118 933 761 743 712 839 224 120 177 121 168 221 774 462 368 124 765 518 519 55 125 222 126 127
14 403 678 189 681 117 118 539 982 224 177 221 677 368 826
17 114 302 339 403 770 118 761 224 772 178 594 1006 15 353 221 222 127
10 425 302 403 349 678 681 118 15 221 222
29 436 689 348 890 515 403 660 115 551 927 593 605 784 77 850 537 712 539 224 763 638 594 122 487 368 794 1033 519 222
6 436 183 189 177 763 221
21 587 371 514 515 302 593 855 183 784 667 120 529 121 892 221 750 751 755 844 1034 777
28 5 11 94 51 846 474 302 339 812 950 403 630 770 805 678 117 539 224 710 177 772 486 594 1006 15 221 198 127
1 691
13 782 515 302 403 551 593 183 189 445 539 351 221 55
12 302 403 678 445 667 118 486 594 15 221 584 55
1 189
15 651 733 183 964 838 445 859 582 270 178 221 198 938 16 55
43 100 310 329 113 371 348 114 593 116 219 303 451 349 183 350 805 163 771 445 117 582 118 84 839 224 840 177 745 121 178 486 352 15 774 462 368 124 943 518 519 55 125 222
2 629 445
0
0
0
0
1 943
19 9 312 808 302 115 866 630 930 678 667 117 118 539 762 177 989 168 1026 898
0
0
11 587 733 302 183 77 667 883 118 868 772 833
11 302 630 546 77 868 762 177 1062 765 777 55
5 5 425 302 163 15
2 539 177
26 246 11 51 736 370 768 113 587 515 302 630 593 379 678 771 117 118 224 177 15 198 584 1050 852 755 758
7 846 699 445 883 582 611 677
10 302 183 163 445 798 667 118 224 177 168
2 302 667
4 302 462 794 127
13 12 113 474 302 183 117 118 224 486 15 122 222 127
17 312 329 474 302 403 630 593 183 117 485 118 86 611 224 750 755 55
0
7 857 425 302 781 741 583 762
17 91 31 911 302 1055 630 303 183 805 163 899 582 118 178 462 368 55
7 186 302 183 77 594 15 198
0
8 302 183 77 177 792 594 353 368
2 302 77
18 302 183 805 163 784 445 667 582 118 177 529 763 15 198 368 753 844 55
0
0
0
0
10 302 183 189 667 118 540 1128 15 584 794
5 302 551 117 15 907
2 302 667
26 736 302 593 770 183 445 681 117 485 118 761 224 372 120 177 121 892 516 594 15 198 584 774 368 55 127
2 183 224
0
1 302
60 150 50 436 790 688 689 391 881 114 810 733 302 218 950 660 115 630 930 855 535 183 1090 843 445 582 118 611 539 984 270 987 177 993 1104 763 121 997 1111 822 516 160 353 938 373 824 1106 913 764 752 829 1060 518 1033 898 55 833 1039 125 940 834
3 302 183 895
3 445 121 55
43 97 5 80 782 329 768 587 846 302 812 535 183 350 678 445 667 117 652 118 86 394 761 539 224 372 762 177 121 773 638 15 221 198 677 462 368 155 755 756 518 55 222 127
2 302 594
12 400 736 846 302 218 630 77 667 538 763 826 757
6 302 183 582 118 121 125
0
0
41 97 534 329 689 113 348 425 302 593 116 349 741 445 899 148 582 118 86 761 539 224 446 372 270 177 121 178 352 160 15 353 584 122 123 368 124 777 55 222 126 127
44 246 11 768 113 425 515 302 403 956 349 183 350 379 220 678 771 189 77 117 582 485 118 119 611 539 224 446 177 772 1149 15 353 198 584 462 122 368 124 852 755 1035 1150 125 222
32 400 11 329 857 113 587 733 302 218 660 551 630 219 932 183 77 148 681 118 86 868 712 446 177 763 892 516 802 1038 222 1042 127
4 302 77 761 824
0
0
0
1 302
17 534 94 114 302 403 445 667 681 117 118 539 224 122 777 55 125 127
2 771 15
3 302 445 582
17 629 768 338 425 302 403 183 445 667 117 485 118 224 372 15 122 758
22 689 908 733 302 630 593 581 349 741 163 77 177 746 748 594 1006 15 751 874 887 898 1061
15 400 551 866 183 189 118 86 177 892 594 15 353 198 55 125
2 302 77
23 780 808 551 866 931 183 445 667 118 539 224 177 529 892 936 748 584 462 1106 825 655 827 777
9 302 812 667 118 177 892 160 501 913
0
7 53 302 183 445 86 368 55
14 425 302 551 770 535 681 118 224 540 462 794 777 758 127
0
0
6 768 302 77 118 394 584
0
3 733 117 15
3 302 445 55
5 515 593 349 163 189
24 736 370 348 739 302 403 115 303 183 681 485 118 394 712 539 177 763 121 168 15 368 632 222 127
0
23 689 629 425 302 403 115 116 535 183 445 117 118 119 372 160 15 501 198 584 123 777 758 778
0
2 302 189
0
33 293 310 736 436 329 425 302 403 551 116 770 183 965 189 117 582 485 118 761 712 224 177 121 168 15 751 123 368 55 758 1044 126 127
3 302 77 763
9 186 736 302 403 551 183 667 118 462
0
15 736 348 302 740 183 667 712 763 121 638 15 368 655 794 127
1 55
8 738 587 733 302 183 77 868 539
2 302 795
2 302 77
16 186 782 329 302 339 218 183 189 667 118 933 160 594 462 794 1039
21 114 302 795 678 771 77 117 118 119 611 224 935 178 895 1000 15 353 198 462 939 852
23 3 11 113 515 403 956 630 771 973 117 118 912 539 224 177 992 15 793 1050 852 755 55 1150
0
1 869
16 768 113 302 379 445 582 394 712 119 710 772 121 198 368 127 835
14 5 186 587 302 339 403 183 77 868 394 772 792 1015 1033
0
2 302 772
15 425 302 339 551 183 117 118 761 224 177 993 15 198 122 758
0
16 436 329 629 339 445 761 611 539 224 762 177 747 653 1024 802 55
2 302 630
1 302
6 348 302 403 77 772 125
19 186 310 76 425 581 605 451 349 771 189 148 84 224 594 198 462 123 124 126
1 830
17 186 689 879 587 339 551 1057 183 163 838 118 224 15 373 873 462 519
5 183 372 177 1052 127
15 11 76 113 425 1051 403 593 117 118 86 446 121 15 774 222
4 302 183 445 462
8 689 113 760 681 118 177 352 15
1 989
20 329 302 812 403 115 183 582 484 712 224 177 168 160 15 462 124 1020 518 125 127
1 835
9 111 436 451 220 445 118 84 462 123
1 183
9 5 11 303 681 117 118 15 584 777
1 77
1 763
1 77
39 74 100 6 103 40 12 217 48 94 76 736 782 370 348 846 114 739 403 769 115 116 1057 220 117 484 485 118 840 177 529 763 516 487 655 753 754 765 125 222
4 5 181 189 155
1 163
0
14 348 425 551 770 535 163 118 224 823 462 777 55 126 127
0
6 5 587 551 593 118 224
3 505 113 183
33 283 100 736 436 857 739 218 950 115 551 927 867 483 791 183 367 485 118 933 710 177 763 871 462 663 487 368 764 753 829 755 519 127
2 69 483
11 113 403 930 183 678 189 445 117 446 198 55
2 183 712
4 214 673 167 183
1 163
3 733 781 163
29 329 689 391 113 348 846 114 339 403 769 303 855 183 163 899 148 652 118 933 86 224 351 121 594 353 519 55 125 779
5 302 183 177 529 127
1 183
2 582 368
1 177
1 594
0
15 425 514 183 189 117 761 539 372 177 15 198 677 584 55 127
18 186 113 425 551 593 183 148 652 118 86 119 539 351 121 15 774 462 124
3 77 351 462
2 302 922
12 97 91 534 51 218 1055 593 219 84 1091 353 155
0
3 5 15 127
11 113 183 163 189 118 224 177 529 121 198 774
7 43 678 761 120 177 352 15
11 769 605 183 678 118 743 755 392 125 222 127
0
2 183 198
6 113 183 163 582 118 121
23 9 736 436 329 348 846 114 425 403 551 593 303 451 805 485 839 446 178 464 462 368 755 758
0
13 244 782 302 805 445 367 118 446 772 178 462 368 124
3 445 582 55
49 97 400 436 782 629 348 846 425 474 403 551 593 303 451 855 770 805 163 445 117 582 485 652 118 86 394 712 611 224 446 120 177 772 763 178 1000 15 751 123 124 765 631 844 518 55 758 222 126 127
6 587 920 218 183 844 55
4 782 733 445 55
9 808 218 630 445 817 982 1091 1006 55
18 425 515 403 189 77 445 117 485 118 539 224 177 15 584 462 368 55 127
0
10 33 303 770 349 445 117 118 839 55 222
27 5 186 400 6 35 782 113 846 403 593 770 805 148 582 118 86 224 446 762 120 177 516 352 594 15 198 122
32 736 113 371 348 808 846 425 218 403 219 451 535 350 805 220 163 904 117 485 118 537 224 762 177 763 178 15 198 802 55 222 127
3 189 86 761
1 117
1 224
16 425 115 189 117 84 119 224 710 177 15 122 368 632 55 126 127
2 348 114
16 736 739 115 1072 303 183 220 445 798 118 394 763 764 55 127 835
2 587 224
29 97 5 736 113 587 348 114 302 115 605 183 117 582 118 86 119 224 860 177 178 594 15 198 462 368 753 829 55 125
0
25 348 846 114 769 115 116 303 899 118 84 868 224 446 772 178 773 352 15 462 913 123 755 518 55 125
0
8 846 1124 805 77 445 582 1125 55
0
7 1124 805 77 445 582 1123 55
9 183 445 118 177 516 594 15 55 127
4 3 12 266 189
3 212 368 55
2 183 77
1 163
0
10 768 699 350 118 121 15 198 368 755 758
0
19 76 738 739 403 1057 183 220 784 226 611 224 372 177 638 15 495 765 55 127
0
19 5 768 114 403 760 1054 551 303 183 118 86 372 710 121 15 198 793 495 127
3 86 168 1183
15 113 302 795 1053 183 838 77 118 712 774 124 752 765 55 778
25 93 40 768 846 425 474 403 551 183 899 148 117 86 84 394 761 224 351 177 198 122 755 55 758 127
20 425 302 339 770 183 445 117 1094 652 712 762 594 15 353 751 462 368 55 126 127
26 3 88 97 5 186 6 103 8 9 159 11 12 111 302 116 183 189 667 118 224 177 594 584 123 755 55
2 451 86
5 587 183 77 394 198
25 310 113 425 403 116 451 932 349 183 117 118 119 539 583 710 270 177 121 594 15 751 198 462 125 222
1 302
17 27 140 562 269 69 807 183 189 367 117 394 761 224 177 487 765 55
15 230 53 83 11 113 451 349 183 118 119 710 121 198 462 368
5 186 770 86 198 368
0
15 768 515 956 630 973 117 118 992 1149 121 15 122 852 755 1035
17 534 782 768 425 403 581 605 77 117 118 743 372 177 121 15 198 462
4 733 163 118 177
3 88 768 177
7 80 6 391 224 177 121 15
3 173 183 788
2 96 74
2 224 121
3 5 183 1159
0
0
2 183 15
1 177
13 5 207 76 736 551 77 117 118 933 86 224 351 763
11 5 35 11 113 587 183 886 148 118 224 710
0
4 580 163 1167 844
0
23 186 400 302 770 183 837 667 117 582 118 86 540 177 529 772 594 653 15 774 462 368 125 127
8 186 113 795 593 183 77 224 446
16 400 551 866 183 189 118 86 177 892 594 1004 15 353 198 55 125
1 183
7 667 177 529 913 368 755 55
14 890 630 303 770 535 1160 485 982 224 15 1009 123 830 127
15 83 782 183 189 118 86 224 372 710 177 15 368 155 125 222
16 97 94 403 115 667 485 224 177 168 160 594 15 487 841 125 127
1 806
3 97 84 772
3 302 77 1179
9 65 781 593 855 183 77 529 178 1178
4 183 118 15 127
2 881 351
3 487 794 841
1 183
17 534 113 302 183 886 667 117 118 539 177 663 155 844 794 16 55 127
17 5 43 11 94 113 348 302 403 303 451 485 15 198 584 122 655 127
8 587 302 218 451 183 837 177 529
1 97
1 758
2 186 183
4 189 224 351 758
30 310 782 689 113 114 515 302 769 630 116 805 667 899 652 118 119 762 529 121 178 584 793 462 368 943 802 777 55 125 222
2 219 183
2 183 784
0
3 113 183 15
0
0
17 5 310 53 113 219 349 118 119 352 15 198 462 368 155 518 519 222
9 310 534 958 593 183 798 121 584 125
2 183 77
4 534 379 77 224
3 304 733 529
3 121 352 127
3 183 189 77
7 952 855 183 652 446 198 941
2 733 118
17 1208 436 329 587 348 302 1209 183 189 886 761 539 177 638 907 922 55
0
0
13 2 5 186 6 391 739 403 770 117 118 539 121 777
4 733 302 183 189
1 183
2 535 1068
1 183
56 310 53 246 534 114 514 515 339 951 769 551 699 593 116 219 855 770 349 965 899 1096 148 117 582 118 86 394 743 839 539 224 446 540 177 772 121 178 168 486 352 594 15 1174 198 462 122 123 368 124 155 775 340 777 916 125 222
18 339 770 183 771 189 117 118 86 539 224 177 15 774 462 765 55 1038 127
3 302 77 15
46 3 22 131 97 90 24 5 26 27 99 101 32 102 103 8 310 107 11 12 13 49 76 391 113 348 114 339 769 219 183 117 652 118 84 119 224 178 594 15 353 198 462 368 518 222 126
2 183 148
3 930 667 177
1 198
2 183 222
1 835
1 587
